0.000000000 1.000000000 0.000000000 0.000000000 0.000000000 0.000000000 1.000000000 0.000000000 0.000000000 0.000000000 0.000000000 1.000000000 0.000000000
0.103735924 0.999991119 -0.002507450 -0.003395458 -0.002200876 0.002499874 0.999994397 -0.002233635 -0.004364272 0.003401040 0.002225127 0.999991715 0.668378830
0.311075211 0.999936163 -0.000878334 -0.011264306 -0.027866932 0.000823674 0.999987841 -0.004856214 -0.017963154 0.011268436 0.004846626 0.999924779 2.053974152
0.414691687 0.999873400 0.000071053 -0.015910584 -0.050767086 -0.000164784 0.999982595 -0.005889840 -0.012901178 0.015909893 0.005891717 0.999856055 2.803753614
0.518430233 0.999793470 -0.000783868 -0.020303696 -0.068498820 0.000660736 0.999981284 -0.006070502 -0.021087788 0.020308079 0.006055834 0.999775350 3.546782017
0.622044802 0.999691367 0.000939003 -0.024824994 -0.095327519 -0.001125876 0.999971032 -0.007514692 -0.024713736 0.024817221 0.007540323 0.999663532 4.304154396
0.725797653 0.999558330 0.003504195 -0.029509556 -0.130395114 -0.003738510 0.999961913 -0.007888859 -0.038407397 0.029480783 0.007995695 0.999533355 5.069094181
0.829419851 0.999418199 0.004063935 -0.033862006 -0.161835462 -0.004278077 0.999971330 -0.006253900 -0.046362471 0.033835620 0.006395126 0.999406934 5.853422165
0.933146715 0.999258757 0.003234492 -0.038359419 -0.194822237 -0.003383536 0.999986947 -0.003821171 -0.051150709 0.038346555 0.003948127 0.999256670 6.658327103
1.036910057 0.999122322 0.002953230 -0.041781433 -0.228384882 -0.002997600 0.999994934 -0.000999339 -0.060828395 0.041778270 0.001123706 0.999126256 7.459450722
1.140496969 0.999010742 0.004460579 -0.044244882 -0.274188280 -0.004547222 0.999987841 -0.001857791 -0.067925543 0.044236060 0.002057145 0.999018908 8.271903992
1.244241953 0.998907745 0.004002676 -0.046552923 -0.319363713 -0.004103859 0.999989390 -0.002078107 -0.073680811 0.046544116 0.002266884 0.998913646 9.093306541
1.347979069 0.998832047 0.001026352 -0.048304200 -0.357604444 -0.001149343 0.999996126 -0.002518468 -0.081154838 0.048301429 0.002571044 0.998829544 9.927242279
1.451596022 0.998717785 0.000764059 -0.050617337 -0.393994004 -0.000850706 0.999998152 -0.001690285 -0.088337481 0.050615951 0.001731178 0.998716712 10.762129784
1.555212021 0.998647451 -0.000949813 -0.051983844 -0.442292839 0.000829385 0.999996901 -0.002338182 -0.092750490 0.051985905 0.002291905 0.998645246 11.613502502
1.658960104 0.998537064 0.001288043 -0.054055344 -0.491238713 -0.001524849 0.999989510 -0.004339794 -0.105964996 0.054049175 0.004415871 0.998528600 12.470540047
1.762568951 0.998450279 0.001704841 -0.055625845 -0.542859614 -0.002117555 0.999970675 -0.007361369 -0.109972097 0.055611663 0.007467751 0.998424590 13.343679428
1.866302013 0.998363853 0.005958017 -0.056869272 -0.605639935 -0.006455950 0.999942362 -0.008576034 -0.130448982 0.056814898 0.008929145 0.998344779 14.206063271
1.969923019 0.998294592 0.006890569 -0.057967886 -0.660615981 -0.007384588 0.999938130 -0.008312397 -0.142359585 0.057907019 0.008726286 0.998283863 15.090446472
2.073666096 0.998205483 0.005876484 -0.059591509 -0.713439524 -0.006264646 0.999960363 -0.006328995 -0.161742389 0.059551947 0.006690957 0.998202801 15.992176056
2.177280903 0.998155415 0.006717499 -0.060336493 -0.785043895 -0.007036282 0.999962330 -0.005072530 -0.170480013 0.060300142 0.005487715 0.998165250 16.892293930
2.281017065 0.998086691 0.006682842 -0.061468039 -0.833769441 -0.007021111 0.999961376 -0.005288833 -0.184271574 0.061430320 0.005710287 0.998094976 17.772880554
2.384639025 0.997980714 0.006672525 -0.063167386 -0.892426014 -0.007090749 0.999954402 -0.006399033 -0.193941981 0.063121803 0.006834016 0.997982383 18.682126999
2.591988087 0.997939050 0.008143848 -0.063649602 -1.005000472 -0.008440796 0.999954641 -0.004397804 -0.256339908 0.063610911 0.004925994 0.997962534 19.992017746
2.695832014 0.997917056 0.009117934 -0.063862212 -1.065760016 -0.009187086 0.999957383 -0.000789256 -0.268886030 0.063852303 0.001374319 0.997958362 20.918046951
2.799366951 0.997949183 0.010123912 -0.063205466 -1.126038790 -0.009948356 0.999945700 0.003091599 -0.281445891 0.063233331 -0.002456469 0.997995734 21.844421387
2.903084040 0.998079896 0.008446275 -0.061360642 -1.186392903 -0.008095890 0.999949515 0.005956664 -0.285640478 0.061407853 -0.005448457 0.998097897 22.784984589
3.006767988 0.998159349 0.008724576 -0.060014028 -1.244435906 -0.008363301 0.999945402 0.006268403 -0.284777939 0.060065433 -0.005754950 0.998177886 23.727180481
3.214056969 0.998297036 0.009676229 -0.057527170 -1.362973928 -0.009749292 0.999951959 -0.000989564 -0.304208159 0.057514831 0.001548728 0.998343468 25.597902298
3.421284914 0.998440027 0.006503597 -0.055453695 -1.474529982 -0.006660433 0.999974310 -0.002643874 -0.323121935 0.055435069 0.003009096 0.998457789 27.511226654
3.524924994 0.998439908 0.004899040 -0.055623844 -1.528775334 -0.004778813 0.999985933 0.002294242 -0.335373104 0.055634309 -0.002024846 0.998449087 28.471107483
3.628545046 0.998415530 0.000869551 -0.056264497 -1.585306644 -0.000551573 0.999983788 0.005666777 -0.340074778 0.056268513 -0.005626763 0.998399794 29.452728271
3.732255936 0.998291373 -0.007049799 -0.058005922 -1.630913258 0.007360337 0.999959648 0.005141646 -0.345944703 0.057967342 -0.005559803 0.998302877 30.429203033
3.835870981 0.998216331 -0.008160919 -0.059141681 -1.684101224 0.008234642 0.999965608 0.001002940 -0.355727285 0.059131458 -0.001488161 0.998249054 31.391975403
4.043107033 0.998019576 -0.006080737 -0.062609188 -1.807877183 0.005867350 0.999976337 -0.003591557 -0.378618479 0.062629551 0.003217094 0.998031676 33.305412292
4.146888018 0.997958124 -0.006154189 -0.063573599 -1.871089458 0.006010629 0.999978960 -0.002449205 -0.384501219 0.063587330 0.002062086 0.997974217 34.314720154
4.250459909 0.997885883 -0.003192699 -0.064912245 -1.945202112 0.003225688 0.999994695 0.000403404 -0.397900641 0.064910635 -0.000611938 0.997890949 35.303634644
4.354202032 0.997815132 -0.003652347 -0.065965891 -2.006641626 0.003797529 0.999990642 0.002075609 -0.412870109 0.065957703 -0.002321582 0.997819662 36.272075653
4.457940102 0.997746468 -0.002355959 -0.067055374 -2.074776649 0.002660367 0.999986589 0.004450724 -0.416948617 0.067043982 -0.004619086 0.997739315 37.245372772
4.561558962 0.997753263 -0.002169626 -0.066960655 -2.135188103 0.002706828 0.999964893 0.007932967 -0.433578014 0.066941068 -0.008096395 0.997724116 38.223674774
4.665292978 0.997750878 0.003259833 -0.066951618 -2.222312450 -0.002611235 0.999948800 0.009772790 -0.427692562 0.066980034 -0.009575983 0.997708380 39.206344604
4.768912077 0.997736335 0.003318869 -0.067165859 -2.293836594 -0.002705028 0.999953747 0.009228065 -0.431822062 0.067193389 -0.009025489 0.997699142 40.202720642
4.872531891 0.997739732 0.003653229 -0.067097850 -2.362654448 -0.003163304 0.999967575 0.007406457 -0.435596436 0.067122720 -0.007177466 0.997718930 41.202911377
4.976145983 0.997712553 0.005293913 -0.067391530 -2.428608418 -0.004953343 0.999974132 0.005219703 -0.439017653 0.067417406 -0.004873949 0.997712970 42.155349731
5.079909086 0.997648120 0.004778441 -0.068377681 -2.497093678 -0.004408141 0.999974847 0.005565364 -0.448120922 0.068402559 -0.005250856 0.997643948 43.153312683
5.183502913 0.997560024 0.002880726 -0.069754668 -2.568635464 -0.002446309 0.999977052 0.006312408 -0.450740397 0.069771267 -0.006126364 0.997544169 44.144927979
5.287117004 0.997502029 0.002931905 -0.070576541 -2.642237663 -0.002381303 0.999966145 0.007884361 -0.459136605 0.070597261 -0.007696603 0.997475207 45.122825623
5.390861034 0.997476876 0.005264451 -0.070796467 -2.704128504 -0.004973447 0.999978364 0.004286104 -0.467311859 0.070817515 -0.003923187 0.997481525 46.062957764
5.494472980 0.997425675 0.005517850 -0.071494699 -2.783830643 -0.005503958 0.999984741 0.000391332 -0.476968139 0.071495771 0.000003179 0.997440875 47.027130127
5.598232985 0.997366846 0.006549643 -0.072224632 -2.861639023 -0.006665055 0.999976814 -0.001357061 -0.478671879 0.072214074 0.001834869 0.997387469 47.983203888
5.701828957 0.997393250 0.005395376 -0.071955778 -2.939963818 -0.005213997 0.999982715 0.002708299 -0.498492777 0.071969144 -0.002326061 0.997404099 48.955814362
5.805571079 0.997392833 0.003061317 -0.072098330 -3.009178162 -0.002652504 0.999979854 0.005765264 -0.507416904 0.072114542 -0.005558992 0.997380853 49.910255432
5.909184933 0.997381866 0.001372464 -0.072301768 -3.081436634 -0.000913009 0.999979138 0.006387357 -0.515933454 0.072309047 -0.006304621 0.997362375 50.873077393
6.012921095 0.997353375 -0.001925494 -0.072681382 -3.148463726 0.002306676 0.999983966 0.005160993 -0.525551617 0.072670273 -0.005314985 0.997341752 51.831069946
6.116540909 0.997322321 -0.004972305 -0.072962031 -3.214438915 0.005267170 0.999978721 0.003849508 -0.529018998 0.072941333 -0.004223504 0.997327268 52.765254974
6.220278025 0.997246087 -0.006450984 -0.073882505 -3.288497210 0.006836141 0.999964356 0.004961407 -0.538310051 0.073847860 -0.005452815 0.997254610 53.713649750
6.323894978 0.997113049 -0.009630161 -0.075318642 -3.350979567 0.010331659 0.999906719 0.008929655 -0.542002559 0.075225629 -0.009682043 0.997119546 54.665481567
6.427659035 0.997090936 -0.010080117 -0.075551294 -3.428355932 0.011163298 0.999840558 0.013928432 -0.544486821 0.075398870 -0.014731315 0.997044563 55.596355438
6.531383038 0.997068465 -0.008365671 -0.076054431 -3.506783962 0.009622004 0.999822974 0.016167436 -0.544607341 0.075905725 -0.016851841 0.996972501 56.544593811
6.634991884 0.996972859 -0.006757745 -0.077455692 -3.584310532 0.007716383 0.999897182 0.012083983 -0.545539021 0.077366076 -0.012645081 0.996922553 57.473754883
6.738740921 0.996870816 -0.005477529 -0.078857109 -3.659543991 0.005837816 0.999973476 0.004339046 -0.552398026 0.078831270 -0.004785823 0.996876538 58.375183105
6.842350006 0.996857047 -0.003954132 -0.079122052 -3.752327919 0.003957377 0.999992192 -0.000115778 -0.566805840 0.079121903 -0.000197702 0.996864855 59.273349762
6.945962906 0.996807933 0.001459772 -0.079823144 -3.839094162 -0.001423161 0.999998868 0.000515542 -0.575381517 0.079823799 -0.000400295 0.996808946 60.178104401
7.049705029 0.996667445 0.003866839 -0.081480101 -3.916707039 -0.003615088 0.999988198 0.003237022 -0.590776026 0.081491657 -0.002931676 0.996669710 61.075618744
7.153322935 0.996595562 0.006733928 -0.082171991 -3.997955322 -0.006394783 0.999969900 0.004389750 -0.598741412 0.082199082 -0.003849334 0.996608436 61.948230743
7.256933928 0.996492624 0.007362085 -0.083356448 -4.075121880 -0.007036396 0.999966502 0.004200282 -0.607380629 0.083384573 -0.003599020 0.996510863 62.813404083
7.360548973 0.996373296 0.008921955 -0.084620506 -4.161085129 -0.008533253 0.999951243 0.004954064 -0.613946676 0.084660582 -0.004214008 0.996400952 63.663291931
7.464167118 0.996218204 0.009702150 -0.086342677 -4.235230923 -0.009252626 0.999941468 0.005604959 -0.625100493 0.086392015 -0.004784866 0.996249676 64.506477356
7.567785978 0.996117055 0.009760919 -0.087494358 -4.313208580 -0.009251568 0.999937892 0.006225138 -0.637776017 0.087549679 -0.005391506 0.996145546 65.327865601
7.671396017 0.996029079 0.009044067 -0.088567689 -4.390629768 -0.008435555 0.999938190 0.007242474 -0.641017795 0.088627703 -0.006466598 0.996043801 66.136581421
7.775144100 0.995881677 0.011774463 -0.089893714 -4.471621990 -0.010928757 0.999891281 0.009894256 -0.644381702 0.090000428 -0.008871082 0.995902181 66.934295654
7.878753901 0.995739400 0.013548252 -0.091210283 -4.548368931 -0.012309216 0.999824464 0.014133288 -0.652139366 0.091385745 -0.012950349 0.995731294 67.723609924
7.982492924 0.995536804 0.016749812 -0.092875049 -4.628481865 -0.015341901 0.999756634 0.015852574 -0.654595971 0.093117990 -0.014356944 0.995551527 68.498069763
8.086111069 0.995384157 0.019417169 -0.093985602 -4.708445549 -0.018385718 0.999761045 0.011828149 -0.663166702 0.094192803 -0.010045562 0.995503247 69.240203857
8.189848900 0.995248258 0.019605912 -0.095374703 -4.786774635 -0.019277124 0.999804616 0.004367568 -0.669051647 0.095441721 -0.002508265 0.995431781 69.984054565
8.293469906 0.995100558 0.018807132 -0.097062252 -4.853435040 -0.019021433 0.999818206 -0.001282957 -0.679629564 0.097020485 0.003122935 0.995277464 70.689682007
8.397102118 0.995060027 0.019306451 -0.097379029 -4.927898407 -0.019667679 0.999802709 -0.002750896 -0.679941595 0.097306736 0.004652527 0.995243609 71.378089905
8.500847101 0.994933844 0.022173254 -0.098055638 -5.003973961 -0.022194240 0.999753296 0.000876849 -0.691252828 0.098050907 0.001303864 0.995180547 72.042968750
8.604438066 0.994789004 0.022609755 -0.099416681 -5.084665298 -0.022389492 0.999743760 0.003330807 -0.710446835 0.099466532 -0.001087561 0.995040298 72.741271973
8.708174944 0.994751096 0.019718926 -0.100406647 -5.148719788 -0.019803803 0.999803901 0.000151407 -0.721908927 0.100389943 0.001837821 0.994946420 73.372261047
8.811794996 0.994885862 0.011440054 -0.100356087 -5.203059196 -0.012010911 0.999914885 -0.005085940 -0.733582020 0.100289375 0.006265298 0.994938612 73.992118835
8.915402889 0.995011568 0.007418485 -0.099482730 -5.257278442 -0.008458287 0.999913931 -0.010034392 -0.740292072 0.099399723 0.010825790 0.994988620 74.593429565
9.019161940 0.995285451 0.009773893 -0.096495971 -5.316306591 -0.010799238 0.999890506 -0.010109200 -0.758445442 0.096386597 0.011103622 0.995282054 75.171882629
9.122889996 0.995644748 0.014814242 -0.092043623 -5.383416653 -0.015494026 0.999857664 -0.006675239 -0.775717378 0.091931626 0.008072294 0.995732546 75.749649048
9.226511955 0.996076167 0.013275564 -0.087498836 -5.431706429 -0.013670756 0.999898791 -0.003918826 -0.780722260 0.087437972 0.005099623 0.996156871 76.312133789
9.330246925 0.996603787 0.009630674 -0.081780374 -5.465332508 -0.009653760 0.999953330 0.000113106 -0.788381636 0.081777632 0.000676766 0.996650398 76.857086182
9.433985949 0.997269511 0.004902034 -0.073685423 -5.494341373 -0.004649164 0.999982715 0.003602875 -0.801599026 0.073701799 -0.003250462 0.997275054 77.395454407
9.537749052 0.997954488 0.008410441 -0.063373066 -5.520418644 -0.008211133 0.999960423 0.003404771 -0.811942577 0.063399203 -0.002877440 0.997984052 77.899162292
9.641587019 0.998767436 0.013873571 -0.047654226 -5.555706978 -0.013753385 0.999901354 0.002848993 -0.819382548 0.047689039 -0.002190076 0.998859882 78.398597717
9.745342016 0.999378502 0.019200806 -0.029563159 -5.572659492 -0.019102141 0.999810994 0.003616251 -0.827561140 0.029627008 -0.003049284 0.999556303 78.913909912
9.849229097 0.999813437 0.017942052 -0.007165104 -5.566677570 -0.017913125 0.999831259 0.004081131 -0.832360506 0.007237120 -0.003952020 0.999965966 79.399108887
9.953058958 0.999718249 0.014252268 0.018981000 -5.531517029 -0.014344221 0.999885976 0.004717154 -0.836514115 -0.018911604 -0.004988093 0.999808669 79.866744995
10.056930065 0.998757362 0.013151247 0.048070960 -5.480884075 -0.013444402 0.999892890 0.005780167 -0.840715170 -0.047989793 -0.006419270 0.998827100 80.323165894
10.160830021 0.996615410 0.012421762 0.081261240 -5.425392151 -0.013112032 0.999882221 0.007966316 -0.857914627 -0.081152722 -0.009004854 0.996660948 80.771095276
10.264659882 0.992841840 0.011843397 0.118847616 -5.357623100 -0.012963686 0.999878407 0.008657571 -0.868277550 -0.118730627 -0.010136303 0.992874742 81.191398621
10.368669987 0.987068892 0.011659648 0.159871623 -5.255177498 -0.013162975 0.999878466 0.008347527 -0.873959959 -0.159754857 -0.010343972 0.987102509 81.635025024
10.472640038 0.978693247 0.011434082 0.205008984 -5.139116287 -0.013373457 0.999877870 0.008076849 -0.878580868 -0.204891622 -0.010646438 0.978726745 82.051147461
10.576630116 0.967150569 0.013660480 0.253836811 -5.002031326 -0.015684413 0.999859273 0.005951187 -0.887745619 -0.253719777 -0.009736975 0.967228770 82.455741882
10.680619955 0.951506138 0.014773201 0.307274580 -4.852464676 -0.016502451 0.999859273 0.003030072 -0.895231366 -0.307186544 -0.007953917 0.951616108 82.838958740
10.888750076 0.907454371 0.014627748 0.419895798 -4.477188110 -0.015594760 0.999877751 -0.001129865 -0.908972263 -0.419861019 -0.005522875 0.907571614 83.540176392
10.992719889 0.881127894 0.020548917 0.472431362 -3.619075775 -0.002415560 0.999237895 -0.038957700 -0.515123606 -0.472871929 0.033185534 0.880506039 84.372772217
11.096590042 0.847925544 0.019440308 0.529758751 -3.378746033 0.002419916 0.999175072 -0.040539548 -0.530746937 -0.530109823 0.035656497 0.847179055 84.675773621
11.200570107 0.810944080 0.019229498 0.584807634 -3.123622894 0.005620275 0.999157727 -0.040647611 -0.554737806 -0.585096598 0.036249712 0.810153008 84.968421936
11.304310083 0.771290541 0.017820284 0.636233807 -2.846313477 0.008758022 0.999216259 -0.038604196 -0.577566028 -0.636423051 0.035347201 0.770529866 85.238098145
11.408179998 0.728987575 0.017948080 0.684291661 -2.554828644 0.009157468 0.999311030 -0.035966236 -0.589398623 -0.684465647 0.032485314 0.728320956 85.483398438
11.511919975 0.684838176 0.016572896 0.728506744 -2.252006531 0.012971546 0.999305785 -0.034927331 -0.601765275 -0.728579760 0.033369429 0.684147656 85.694290161
11.615530014 0.639271498 0.014832634 0.768838048 -1.926513672 0.017633328 0.999268293 -0.033939864 -0.628314495 -0.768778920 0.035253957 0.638542175 85.890777588
11.719269991 0.592411637 0.011574354 0.805552363 -1.590415955 0.026215374 0.999090374 -0.033634204 -0.642331123 -0.805208802 0.041043147 0.591569185 86.086807251
11.822770119 0.547916889 0.013418819 0.836425126 -1.251689911 0.025658801 0.999131382 -0.032837421 -0.665417790 -0.836139202 0.039453849 0.547096550 86.229476929
11.926379919 0.501392722 0.016168669 0.865068793 -0.912281036 0.024221152 0.999171197 -0.032713670 -0.675824881 -0.864880800 0.037355360 0.500585496 86.380844116
12.029999971 0.455649942 0.018094068 0.889975190 -0.571189880 0.024066836 0.999177456 -0.032636013 -0.698595405 -0.889833629 0.036289480 0.454839677 86.524185181
12.133610010 0.411352098 0.017133290 0.911315501 -0.261352539 0.030436845 0.999007523 -0.032520618 -0.706171870 -0.910968184 0.041114993 0.410422355 86.635597229
12.237099886 0.372264057 0.009182786 0.928081512 0.106708527 0.046524171 0.998509407 -0.028540999 -0.717381775 -0.926960051 0.053803012 0.371281922 86.721656799
12.340600014 0.337061107 0.005401352 0.941467285 0.475889206 0.051485546 0.998381495 -0.024160571 -0.727653146 -0.940073967 0.056615543 0.336237520 86.814926147
12.444109917 0.303954750 0.009748332 0.952636659 0.843759537 0.049434487 0.998439133 -0.025989939 -0.740828276 -0.951403022 0.054992869 0.302998453 86.913131714
12.547669888 0.272655070 0.017045831 0.961960852 1.206455231 0.039396584 0.998806655 -0.028865179 -0.762349427 -0.961304903 0.045768216 0.271658152 87.016647339
12.651070118 0.243707448 0.020779643 0.969626188 1.595319748 0.034890458 0.998935401 -0.030177183 -0.794334233 -0.969220996 0.041185096 0.242723003 87.109588623
12.754689932 0.218134835 0.023728954 0.975630105 1.979717255 0.035967279 0.998829722 -0.032334898 -0.804210603 -0.975255609 0.042144127 0.217026114 87.178367615
12.858059883 0.194795519 0.025165429 0.980521083 2.383134842 0.043486115 0.998466313 -0.034265179 -0.818142056 -0.979879439 0.049313746 0.193402410 87.230560303
12.961669922 0.174893931 0.031205781 0.984092593 2.794062614 0.050650168 0.997889161 -0.040644862 -0.825443327 -0.983283579 0.056952998 0.172944158 87.273818970
13.065200090 0.155104741 0.038738698 0.987138271 3.220879555 0.053577390 0.997430384 -0.047560979 -0.823376656 -0.986444116 0.060265221 0.152630672 87.331016541
13.168770075 0.137193680 0.038995408 0.989776373 3.657994270 0.051580980 0.997587919 -0.046452839 -0.844669759 -0.989200354 0.057426669 0.134851292 87.388198853
13.375880003 0.107609540 0.031522814 0.993693292 4.566956520 0.049664754 0.998078823 -0.037040263 -0.896850824 -0.992951989 0.053337425 0.105837226 87.474311829
13.479500055 0.094475754 0.029137615 0.995100617 5.048003197 0.052183513 0.998052597 -0.034178395 -0.915913224 -0.994158566 0.055156883 0.092771254 87.504005432
13.583110094 0.082659617 0.028132342 0.996180773 5.542642593 0.056004800 0.997890651 -0.032827720 -0.937572122 -0.995002925 0.058504421 0.080909729 87.535705566
13.686719894 0.072444499 0.029056950 0.996949077 6.055276871 0.059069794 0.997695923 -0.033371095 -0.956898928 -0.995621681 0.061307129 0.070561178 87.566505432
13.790339947 0.064947441 0.029439867 0.997454345 6.585430622 0.061305653 0.997558892 -0.033434760 -0.975613594 -0.996003747 0.063321106 0.062984064 87.590148926
13.893949986 0.059406478 0.029769916 0.997789860 7.135462284 0.063018478 0.997449517 -0.033511758 -0.996340394 -0.996242702 0.064870022 0.057378903 87.617858887
13.997669935 0.053818546 0.030705735 0.998078585 7.697945595 0.064583197 0.997327268 -0.034165092 -1.017809153 -0.996460021 0.066297807 0.051691636 87.642936707
14.204920053 0.043334339 0.031319898 0.998569548 8.870601654 0.067546040 0.997129560 -0.034205996 -1.061340094 -0.996774614 0.068931706 0.041094419 87.685791016
14.308540106 0.040613856 0.031401731 0.998681307 9.493474007 0.069205299 0.997017205 -0.034163810 -1.084267259 -0.996775270 0.070501566 0.038319558 87.703018188
14.412270069 0.037760176 0.030840045 0.998810768 10.131225586 0.070529029 0.996948659 -0.033448920 -1.110254049 -0.996794820 0.071708195 0.035469837 87.720306396
14.515889883 0.035105057 0.030198285 0.998927295 10.792665482 0.071844846 0.996880889 -0.032661252 -1.133514285 -0.996797860 0.072914347 0.032825969 87.741783142
14.619679928 0.034715675 0.029885484 0.998950362 11.465812683 0.076512352 0.996539712 -0.032472335 -1.157464862 -0.996464193 0.077559337 0.032308932 87.753845215
14.723259926 0.035733771 0.029416623 0.998928368 12.158494949 0.079942711 0.996279299 -0.032198332 -1.183945656 -0.996158838 0.081007607 0.033249166 87.773002625
14.826859951 0.038147639 0.029416353 0.998838961 12.860052109 0.081546411 0.996141076 -0.032451320 -1.207314372 -0.995939255 0.082689680 0.035601638 87.793800354
14.930480003 0.041978259 0.029476706 0.998683572 13.582073212 0.083803050 0.995938420 -0.032918226 -1.232227564 -0.995597780 0.085074574 0.039337527 87.824264526
15.034100056 0.046554923 0.028942004 0.998496354 14.326385498 0.084273748 0.995902777 -0.032796089 -1.260621071 -0.995354593 0.085673839 0.043925121 87.855911255
15.137840033 0.050219841 0.027200971 0.998367667 15.085506439 0.085408017 0.995850205 -0.031428572 -1.290476322 -0.995079577 0.086846918 0.047688268 87.900657654
15.241450071 0.054354265 0.025558326 0.998194575 15.840074539 0.085167721 0.995910764 -0.030137453 -1.318726420 -0.994882941 0.086652055 0.051955253 87.931388855
15.345079899 0.058455918 0.023450397 0.998014510 16.617145538 0.082114749 0.996223330 -0.028217953 -1.346763849 -0.994907081 0.083601236 0.056309525 87.984970093
15.448810101 0.062173855 0.022438074 0.997813046 17.406501770 0.081118755 0.996326089 -0.027459158 -1.374831676 -0.994763315 0.082648598 0.060125295 88.045799255
15.552550077 0.066576250 0.023497395 0.997504652 18.225866318 0.078661859 0.996487439 -0.028723547 -1.403486490 -0.994675875 0.080377862 0.064494044 88.103813171
15.656169891 0.069173150 0.027624365 0.997222066 19.026205063 0.076230682 0.996547461 -0.032893479 -1.438901424 -0.994687915 0.078294255 0.066828497 88.170433044
15.759900093 0.070499785 0.032873813 0.996969938 19.820636749 0.070647374 0.996782482 -0.037863389 -1.475209594 -0.995006859 0.073102668 0.067950487 88.237525940
15.863640070 0.070538349 0.035987664 0.996859670 20.631755829 0.067964293 0.996853292 -0.040796623 -1.508933663 -0.995190978 0.070628598 0.067870505 88.293754578
15.967390060 0.070514403 0.035766996 0.996869385 21.445268631 0.065596305 0.997027516 -0.040412679 -1.545281172 -0.995351553 0.068240635 0.067958638 88.362380981
16.071019888 0.070239715 0.034179639 0.996944308 22.248491287 0.062763155 0.997281253 -0.038613163 -1.585415721 -0.995553732 0.065283567 0.067903534 88.427436829
16.174740076 0.070375845 0.032796755 0.996981204 23.078392029 0.063502535 0.997284770 -0.037289321 -1.629420996 -0.995497227 0.065935090 0.068102077 88.482254028
16.278450012 0.070816144 0.031516243 0.996991396 23.885831833 0.060791645 0.997506440 -0.035850544 -1.680117726 -0.995635211 0.063147545 0.068723619 88.541236877
16.382090092 0.070838712 0.032083765 0.996971667 24.705141068 0.059092529 0.997592151 -0.036302485 -1.718101859 -0.995735943 0.061485194 0.068772227 88.607971191
16.485709906 0.070786647 0.032639705 0.996957302 25.518295288 0.056177400 0.997747719 -0.036654331 -1.758501410 -0.995908320 0.058601107 0.068793595 88.673019409
16.589329958 0.069397770 0.034117356 0.997005522 26.313571930 0.052995402 0.997877717 -0.037836015 -1.800793052 -0.996180356 0.055462457 0.067442417 88.737060547
16.693089962 0.066924699 0.033487488 0.997195899 27.126035690 0.050596580 0.998036861 -0.036911409 -1.843491912 -0.996474326 0.052924987 0.065098964 88.784217834
16.796679974 0.063434407 0.032186858 0.997466862 27.938085556 0.048258487 0.998211622 -0.035279918 -1.883320689 -0.996818602 0.050374206 0.061767671 88.836311340
16.900429964 0.058153123 0.029726017 0.997865021 28.751708984 0.046417538 0.998395085 -0.032446899 -1.922871709 -0.997228026 0.048205324 0.056679986 88.892173767
17.004189968 0.052356899 0.027752697 0.998242676 29.557151794 0.044492401 0.998556316 -0.030095000 -1.958537936 -0.997636795 0.045989897 0.051046532 88.929626465
17.107899904 0.044786803 0.027960159 0.998605311 30.360992432 0.044286039 0.998570025 -0.029945370 -1.993844151 -0.998014569 0.045565423 0.043484513 88.966522217
17.211649895 0.036022007 0.029009460 0.998929918 31.165199280 0.043575559 0.998582304 -0.030570725 -2.030737400 -0.998400509 0.044630148 0.034706831 88.994407654
17.315390110 0.025959779 0.029272413 0.999234259 31.960336685 0.043990437 0.998569429 -0.030395789 -2.066208124 -0.998694658 0.044745825 0.024634933 89.012031555
17.419150114 0.015991824 0.028352175 0.999470055 32.751579285 0.045984175 0.998519361 -0.029060969 -2.101573706 -0.998814106 0.046424549 0.014664396 89.021827698
17.522870064 0.005083290 0.027319146 0.999613762 33.546710968 0.045012627 0.998607278 -0.027520536 -2.136095524 -0.998973489 0.045135140 0.003846502 89.026901245
17.626480103 -0.005822530 0.026533749 0.999630988 34.329982758 0.046167731 0.998589158 -0.026237179 -2.169242620 -0.998916805 0.045997921 -0.007039318 89.019485474
17.730220079 -0.017239535 0.027039686 0.999485791 35.103458405 0.046010446 0.998596728 -0.026222030 -2.196965694 -0.998792171 0.045534726 -0.018459454 89.007926941
17.937459946 -0.038619407 0.028592445 0.998844862 36.646068573 0.045855150 0.998588204 -0.026812147 -2.260884047 -0.998201311 0.044766709 -0.039875992 88.942611694
18.041199923 -0.049123369 0.029784231 0.998348594 37.419517517 0.046572432 0.998536289 -0.027498255 -2.290162086 -0.997706354 0.045144707 -0.050438594 88.901107788
18.144819975 -0.058440685 0.030387372 0.997828364 38.176006317 0.048059579 0.998463273 -0.027591961 -2.324460268 -0.997133374 0.046342723 -0.059811287 88.849487305
18.352169991 -0.077685818 0.031166159 0.996490657 39.675853729 0.049437217 0.998402119 -0.027371848 -2.382321358 -0.995751381 0.047137324 -0.079102457 88.750663757
18.559570074 -0.094007507 0.029732855 0.995127439 41.142463684 0.051892985 0.998341560 -0.024926672 -2.440061808 -0.994218171 0.049296837 -0.095394522 88.617530823
18.663259983 -0.098527946 0.027925406 0.994742334 41.856124878 0.055532351 0.998202860 -0.022522146 -2.471637726 -0.993583620 0.053021319 -0.099901631 88.526420593
18.766880035 -0.101813629 0.026328236 0.994455040 42.562858582 0.058797814 0.998061299 -0.020403918 -2.496536255 -0.993064404 0.056394383 -0.103164278 88.439743042
18.870490074 -0.104787886 0.024921406 0.994182289 43.270545959 0.060216073 0.998010695 -0.018670538 -2.525567055 -0.992669880 0.057909295 -0.106080107 88.368766785
18.974109888 -0.106189698 0.024139982 0.994052768 43.943595886 0.060454056 0.998012662 -0.017778136 -2.550615549 -0.992506504 0.058206666 -0.107438028 88.283073425
19.077719927 -0.107472733 0.024876978 0.993896723 44.636745453 0.060936548 0.997972369 -0.018389750 -2.568875790 -0.992338836 0.058588240 -0.108770721 88.223037720
19.181410074 -0.106178492 0.025592703 0.994017720 45.291828156 0.061803967 0.997905731 -0.019091064 -2.596035957 -0.992424488 0.059407171 -0.107537858 88.149375916
19.285020113 -0.103211612 0.027619679 0.994275808 45.913162231 0.062382698 0.997826338 -0.021242615 -2.611053228 -0.992701232 0.059833135 -0.104710244 88.082542419
19.388679981 -0.098422818 0.027603833 0.994761765 46.514995575 0.062046204 0.997840703 -0.021550346 -2.647530556 -0.993208587 0.059600141 -0.099922985 88.030136108
19.492239952 -0.090628877 0.028349645 0.995481074 47.106956482 0.061278839 0.997859359 -0.022838533 -2.672098637 -0.993997574 0.058932103 -0.092172101 87.978843689
19.595799923 -0.078872249 0.028747806 0.996470153 47.694274902 0.061234571 0.997836232 -0.023940401 -2.688705206 -0.995002270 0.059130188 -0.080461949 87.924789429
19.699409962 -0.065166853 0.029082356 0.997450590 48.250873566 0.060557723 0.997848094 -0.025137505 -2.713800430 -0.996035278 0.058765195 -0.066787779 87.896392822
19.802910089 -0.048265804 0.029874714 0.998387694 48.787765503 0.059127770 0.997885168 -0.027001224 -2.748162270 -0.997083008 0.057729203 -0.049930155 87.888755798
20.010020018 -0.002222814 0.035214268 0.999377310 49.796726227 0.054830514 0.997880638 -0.035039581 -2.806071997 -0.998493254 0.054718480 -0.004148915 87.892196655
20.113500118 0.026800789 0.036963563 0.998957157 50.310966492 0.052562084 0.997881591 -0.038333945 -2.829290390 -0.998257935 0.053534653 0.024801113 87.915344238
20.217139959 0.059616055 0.036683179 0.997547090 50.863021851 0.050217588 0.997949004 -0.039699089 -2.854663372 -0.996957421 0.052461114 0.057651646 87.972671509
20.320610046 0.098059684 0.034525152 0.994581521 51.361530304 0.048698366 0.998034298 -0.039446373 -2.879810333 -0.993988335 0.052302584 0.096185617 88.038116455
20.424099922 0.139506087 0.030706553 0.989745080 51.860202789 0.045973256 0.998240411 -0.037450127 -2.906717539 -0.989153445 0.050726313 0.137848943 88.140655518
20.527470112 0.184615925 0.026573766 0.982451439 52.348022461 0.042811953 0.998468161 -0.035051938 -2.935870409 -0.981877804 0.048531808 0.183195442 88.258186340
20.630959988 0.232925683 0.023657553 0.972206771 52.825077057 0.037702799 0.998732865 -0.033336043 -2.958825350 -0.971763432 0.044419732 0.231738538 88.405975342
20.734440088 0.283991754 0.021432776 0.958587110 53.279609680 0.032487132 0.998961031 -0.031960141 -2.995286942 -0.958276212 0.040218160 0.283000380 88.574363708
20.837960005 0.339050531 0.021413954 0.940524399 53.724700928 0.030769559 0.998953640 -0.033836421 -3.017118931 -0.940264821 0.040411778 0.338036925 88.754394531
20.941509962 0.397460580 0.022600532 0.917340875 54.161376953 0.031438019 0.998774350 -0.038228109 -3.035304308 -0.917080522 0.044033550 0.396262974 88.968475342
21.045020103 0.457123399 0.025428105 0.889039695 54.575065613 0.031141967 0.998520732 -0.044571929 -3.066142082 -0.888857901 0.048061322 0.455655336 89.217163086
21.251899958 0.575380027 0.034091011 0.817175388 55.299884796 0.024171028 0.997985780 -0.058653098 -3.111577511 -0.817528963 0.053499792 0.573397040 89.748626709
21.355439901 0.631593287 0.037336219 0.774400353 55.646396637 0.018339787 0.997840703 -0.063066721 -3.133817196 -0.775082946 0.054034855 0.629544795 90.069305420
21.459000111 0.683373034 0.038519289 0.729052484 55.948921204 0.014179837 0.997718513 -0.066005550 -3.165399313 -0.729931772 0.055444259 0.681267738 90.416030884
21.562720060 0.731728554 0.036490146 0.680618644 56.238288879 0.012264887 0.997699261 -0.066675738 -3.192836523 -0.681485891 0.057136256 0.729597509 90.779136658
21.666359901 0.775908589 0.033138733 0.629974186 56.481231689 0.008134535 0.998010635 -0.062517591 -3.222066164 -0.630792737 0.053632483 0.774095535 91.148834229
21.770100117 0.817343533 0.028836263 0.575428486 56.730636597 0.004966176 0.998357058 -0.057084341 -3.246088266 -0.576129198 0.049515195 0.815857470 91.551567078
21.873950005 0.853173077 0.027372604 0.520909131 56.941406250 -0.000455422 0.998660862 -0.051731475 -3.269473791 -0.521627545 0.043898676 0.852043152 91.985694885
21.977710009 0.883848906 0.022930533 0.467210144 57.128532410 -0.002585281 0.999021947 -0.044140972 -3.304467678 -0.467765331 0.037806083 0.883043706 92.421165466
22.081439972 0.909101725 0.023291685 0.415922284 57.287078857 -0.007825806 0.999214292 -0.038850844 -3.334065437 -0.416500390 0.032064453 0.908569872 92.853439331
22.185309887 0.928067446 0.025422521 0.371543407 57.392593384 -0.013286424 0.999292374 -0.035187908 -3.368139267 -0.372175068 0.027720265 0.927748501 93.267585754
22.289170027 0.942940772 0.031559315 0.331461638 57.506828308 -0.021906789 0.999221146 -0.032818064 -3.388840199 -0.332239240 0.023684226 0.942897797 93.724105835
22.393170118 0.954189420 0.036258396 0.296997994 57.603595734 -0.027460787 0.999053240 -0.033741899 -3.410627604 -0.297940224 0.024040364 0.954281747 94.177772522
22.497159958 0.963235259 0.039024573 0.265809536 57.714458466 -0.031170109 0.998945475 -0.033705618 -3.427891970 -0.266844630 0.024181120 0.963436127 94.641494751
22.601289988 0.969259560 0.033857029 0.243699864 57.821079254 -0.026290780 0.999067903 -0.034234248 -3.441777229 -0.244631812 0.026774807 0.969246328 95.114036560
22.705509901 0.972854137 0.030778540 0.229362831 57.903587341 -0.023929095 0.999182403 -0.032585293 -3.476625919 -0.230178207 0.026212284 0.972795427 95.610893250
22.809639931 0.975695789 0.034727037 0.216359854 57.994895935 -0.028319389 0.999065697 -0.032646902 -3.502175331 -0.217291459 0.025726262 0.975767732 96.096641541
22.913660049 0.977473378 0.040713534 0.207094818 58.081298828 -0.034822948 0.998880625 -0.032011725 -3.520604849 -0.208166316 0.024078950 0.977797031 96.600051880
23.121720076 0.979048610 0.051851194 0.196914911 58.279014587 -0.045324132 0.998267770 -0.037512928 -3.547573805 -0.198518902 0.027801979 0.979702592 97.571868896
23.225709915 0.979177356 0.053518176 0.195825249 58.385780334 -0.046503816 0.998107016 -0.040247016 -3.574510574 -0.197608501 0.030302342 0.979812503 98.104766846
23.329699993 0.978695869 0.052268159 0.198550776 58.492225647 -0.044450924 0.998058379 -0.043629881 -3.605413437 -0.200445712 0.033874612 0.979119003 98.643798828
23.433599949 0.977915287 0.051097725 0.202658877 58.600238800 -0.041711733 0.997861624 -0.050320633 -3.633000851 -0.204796821 0.040756062 0.977955639 99.200340271
23.537559986 0.977029502 0.050562304 0.207018673 58.715007782 -0.039937738 0.997677088 -0.055185843 -3.654197216 -0.209328085 0.045650344 0.976779342 99.754219055
23.641429901 0.975690782 0.056404233 0.211769134 58.828063965 -0.045720920 0.997438252 -0.055013962 -3.685865402 -0.214329660 0.043994337 0.975769997 100.341857910
23.745189905 0.974632084 0.058288876 0.216089562 58.979175568 -0.048456114 0.997546315 -0.050529867 -3.722271919 -0.218504667 0.038777176 0.975065172 100.903038025
23.848989964 0.973727226 0.055292599 0.220902592 59.117122650 -0.046225466 0.997870803 -0.046010718 -3.755222321 -0.222976312 0.034590561 0.974209964 101.508377075
23.952650070 0.973124206 0.050956059 0.224572778 59.266044617 -0.042978063 0.998263955 -0.040274695 -3.792220116 -0.226235121 0.029540572 0.973624706 102.115425110
24.056420088 0.972352147 0.048381709 0.228452265 59.411960602 -0.041277047 0.998506963 -0.035778351 -3.821838379 -0.229842186 0.025359336 0.972897470 102.734802246
24.160010099 0.971842945 0.043907139 0.231502891 59.564659119 -0.036677558 0.998698473 -0.035443049 -3.848040581 -0.232757807 0.025954122 0.972188354 103.364257812
24.263959885 0.971912801 0.040328383 0.231860280 59.718925476 -0.032370456 0.998752296 -0.038026381 -3.889052391 -0.233104527 0.029452901 0.972005606 104.000572205
24.367269993 0.971991837 0.039934970 0.231596872 59.866294861 -0.030290425 0.998525262 -0.045052558 -3.920138359 -0.233054489 0.036775548 0.971768081 104.649887085
24.574559927 0.972729981 0.044675086 0.227597326 60.172374725 -0.032871258 0.997923374 -0.055393714 -3.986899376 -0.229599401 0.046401713 0.972178578 105.950042725
24.678100109 0.973311305 0.043152254 0.225395054 60.326652527 -0.032382607 0.998159945 -0.051263306 -4.022089958 -0.227192447 0.042596277 0.972917855 106.650222778
24.781830072 0.973765433 0.039183520 0.224155352 60.490646362 -0.030156955 0.998596013 -0.043553263 -4.064463615 -0.225547180 0.035650827 0.973579705 107.357116699
24.885469913 0.974290967 0.039149322 0.221866146 60.647289276 -0.031576678 0.998794734 -0.037577864 -4.108863831 -0.223069832 0.029605981 0.974352717 108.080757141
24.989130020 0.974520743 0.043096509 0.220117912 60.802207947 -0.035533093 0.998637855 -0.038207080 -4.141007423 -0.221464694 0.029412122 0.974724710 108.788314819
25.092669964 0.974765897 0.049135271 0.217754811 60.952163696 -0.040711682 0.998244941 -0.043005601 -4.173095226 -0.219485745 0.033055231 0.975055516 109.524841309
25.196320057 0.975556135 0.049890008 0.214012235 61.107181549 -0.040432751 0.998011947 -0.048344925 -4.209256649 -0.215998724 0.038510084 0.975633860 110.265014648
25.299900055 0.976475894 0.048369966 0.210130900 61.266136169 -0.038384542 0.997943103 -0.051343679 -4.248965263 -0.212182149 0.042070094 0.976324141 111.017898560
25.403640032 0.977472067 0.045889944 0.206015676 61.432891846 -0.036387328 0.998102009 -0.049681894 -4.291380405 -0.207904562 0.041066311 0.977286696 111.778755188
25.507250071 0.978350341 0.042339560 0.202578276 61.597106934 -0.033340588 0.998308301 -0.047631767 -4.335159779 -0.204252273 0.039846476 0.978106976 112.559249878
25.610879898 0.978689969 0.041121472 0.201184243 61.748794556 -0.032748431 0.998460352 -0.044772867 -4.379222870 -0.202715635 0.037230283 0.978529632 113.343811035
25.714629889 0.978971243 0.038520619 0.200328454 61.909038544 -0.030590203 0.998626530 -0.042534083 -4.418666363 -0.201691777 0.035511557 0.978805065 114.151855469
25.818219900 0.979240239 0.033456720 0.199923083 62.069587708 -0.025674252 0.998812973 -0.041394655 -4.457452297 -0.201070681 0.035402428 0.978936791 114.940643311
25.921979904 0.979354322 0.034109317 0.199252829 62.232795715 -0.026733452 0.998858213 -0.039592151 -4.500366688 -0.200375810 0.033448029 0.979148030 115.746612549
26.025680065 0.979088962 0.039689451 0.199523255 62.390876770 -0.031985357 0.998618484 -0.041689970 -4.543240070 -0.200902253 0.034436360 0.979005814 116.562545776
26.129230022 0.978759229 0.045186505 0.199971229 62.544570923 -0.036853652 0.998297989 -0.045200180 -4.580919266 -0.201673269 0.036870431 0.978758633 117.369522095
26.232990026 0.978225887 0.053146195 0.200623155 62.699737549 -0.044615231 0.997906983 -0.046810076 -4.623994827 -0.202691019 0.036839973 0.978549480 118.190452576
26.336549997 0.977172315 0.060036961 0.203788266 62.860351562 -0.051714696 0.997605503 -0.045925140 -4.677449226 -0.206057459 0.034337934 0.977937222 119.034225464
26.440340042 0.976325512 0.062906802 0.206956610 63.021461487 -0.054956269 0.997521043 -0.043949541 -4.724401474 -0.209208265 0.031535491 0.977362514 119.869194031
26.544049978 0.975755155 0.063690245 0.209392637 63.193672180 -0.055481941 0.997451961 -0.044849508 -4.772326469 -0.211715564 0.032144628 0.976802528 120.694137573
26.647670031 0.975460410 0.061795428 0.211325124 63.367393494 -0.052835833 0.997459114 -0.047789615 -4.813549042 -0.213741332 0.035451330 0.976246774 121.537322998
26.751260042 0.975531995 0.056042638 0.212594613 63.556587219 -0.047293205 0.997820199 -0.046023943 -4.869234085 -0.214710489 0.034843549 0.976056039 122.370567322
26.854880095 0.975872517 0.049082570 0.212752491 63.749084473 -0.039811306 0.998070478 -0.047647417 -4.920627117 -0.214680597 0.038027842 0.975943804 123.202690125
26.958499908 0.975652456 0.048235502 0.213952407 63.929862976 -0.038885321 0.998104453 -0.047699939 -4.971446514 -0.215847656 0.038218956 0.975678802 124.041603088
