1490165935.809258 1.000000000 0.000000000 0.000000000 0.000000000 0.000000000 1.000000000 0.000000000 0.000000000 0.000000000 0.000000000 1.000000000 0.000000000
1490165935.938913 0.999568701 -0.004750536 0.028976845 0.088207319 0.004823284 0.999985397 -0.002441169 -0.029927678 -0.028964827 0.002579880 0.999577105 0.790094197
1490165936.017134 0.998986959 -0.007963615 0.044289608 0.151974156 0.008127274 0.999960840 -0.003516359 -0.034976382 -0.044259872 0.003872751 0.999012530 1.284575582
1490165936.095344 0.998302102 -0.010646880 0.057267059 0.193805322 0.010912781 0.999931037 -0.004332452 -0.048797954 -0.057216987 0.004950039 0.998349488 1.684829712
1490165936.147393 0.997838736 -0.011984183 0.064607330 0.226806000 0.012280531 0.999915838 -0.004191728 -0.061641213 -0.064551644 0.004976080 0.997901976 1.927478552
1490165936.199433 0.997450292 -0.012826343 0.070202209 0.278283745 0.013190947 0.999901831 -0.004732471 -0.063541405 -0.070134632 0.005646438 0.997521579 2.290264130
1490165936.251483 0.997071803 -0.013043888 0.075349584 0.317946225 0.013490978 0.999894202 -0.005427589 -0.062636808 -0.075270817 0.006428235 0.997142315 2.646645546
1490165936.303519 0.996717274 -0.012725756 0.079954587 0.354131043 0.013224283 0.999896228 -0.005708683 -0.067672804 -0.079873651 0.006747285 0.996782064 2.966620445
1490165936.355636 0.996350229 -0.014383707 0.084138401 0.418487787 0.014938525 0.999870598 -0.005968249 -0.077944450 -0.084041648 0.007203370 0.996436179 3.333086967
1490165936.407663 0.995995402 -0.013783555 0.088334605 0.459754348 0.014372841 0.999878466 -0.006038439 -0.080491483 -0.088240638 0.007283877 0.996072531 3.689330816
1490165936.485545 0.995530009 -0.014668819 0.093298979 0.525713861 0.015269825 0.999867022 -0.005731046 -0.090179577 -0.093202502 0.007130087 0.995621622 4.182714462
1490165936.537559 0.995276213 -0.015394003 0.095854968 0.576595843 0.016033957 0.999854028 -0.005909570 -0.086595505 -0.095749989 0.007418590 0.995377719 4.597412109
1490165936.589913 0.995118797 -0.016111445 0.097359411 0.634945750 0.016739041 0.999844015 -0.005632744 -0.086366497 -0.097253479 0.007234952 0.995233297 4.981975079
1490165936.642039 0.994963765 -0.016401580 0.098883972 0.684117854 0.016981423 0.999843180 -0.005025056 -0.077635884 -0.098786049 0.006678939 0.995086253 5.433957100
1490165936.694226 0.994867742 -0.017317392 0.099690191 0.736544192 0.017823577 0.999832392 -0.004189090 -0.073172957 -0.099600941 0.005944427 0.995009661 5.825253487
1490165936.771838 0.994715333 -0.018048821 0.101071909 0.811942697 0.018373368 0.999828577 -0.002281002 -0.079743557 -0.101013437 0.004125980 0.994876385 6.410657883
1490165936.824238 0.994608641 -0.017776964 0.102164023 0.863635302 0.017979896 0.999837697 -0.001065727 -0.079983503 -0.102128498 0.002896880 0.994766951 6.873817921
1490165936.902102 0.994455576 -0.018581213 0.103502989 0.933305979 0.018720748 0.999824703 -0.000376774 -0.078665547 -0.103477836 0.002312338 0.994629025 7.504494667
1490165936.954224 0.994437397 -0.018880310 0.103624456 0.995051980 0.019049291 0.999818325 -0.000641225 -0.074872077 -0.103593528 0.002611630 0.994616270 7.911943913
1490165937.005913 0.994367898 -0.018454039 0.104363628 1.039284348 0.018614447 0.999826729 -0.000563131 -0.083047047 -0.104335152 0.002502630 0.994538963 8.311644554
1490165937.058252 0.994319975 -0.018332265 0.104841582 1.097936392 0.018674012 0.999823034 -0.002278878 -0.078018486 -0.104781255 0.004223747 0.994486213 8.756004333
1490165937.110342 0.994273007 -0.018765798 0.105209030 1.151879549 0.019198932 0.999810994 -0.003105540 -0.079143837 -0.105130859 0.005107655 0.994445205 9.187519073
1490165937.188403 0.994150758 -0.021427097 0.105853647 1.247747660 0.022121269 0.999740720 -0.005387954 -0.074624844 -0.105710745 0.007698055 0.994367063 9.858182907
1490165937.240293 0.994093597 -0.022646733 0.106136844 1.310109854 0.023498833 0.999700904 -0.006784488 -0.074574821 -0.105951443 0.009238509 0.994328380 10.315667152
1490165937.318340 0.994021237 -0.023248235 0.106683530 1.390053511 0.024259819 0.999672174 -0.008193971 -0.061586924 -0.106458060 0.010733102 0.994259238 10.986963272
1490165937.370653 0.994008958 -0.023230297 0.106801614 1.449743390 0.024291722 0.999667645 -0.008647989 -0.052916221 -0.106565230 0.011190575 0.994242609 11.499363899
1490165937.422749 0.993990898 -0.023522766 0.106904820 1.509325027 0.024579326 0.999661088 -0.008576152 -0.057401627 -0.106666870 0.011152266 0.994232237 11.934178352
1490165937.474591 0.993898213 -0.024332862 0.107583597 1.568021774 0.025317634 0.999649107 -0.007797010 -0.059505824 -0.107356109 0.010473198 0.994165361 12.406993866
1490165937.552892 0.993781209 -0.027090887 0.108004726 1.651192188 0.027940214 0.999589443 -0.006357976 -0.056753725 -0.107788116 0.009336109 0.994130015 13.085161209
1490165937.604966 0.993761957 -0.028127959 0.107916810 1.717419267 0.028870227 0.999569058 -0.005321642 -0.053027317 -0.107720621 0.008404030 0.994145632 13.562325478
1490165937.683004 0.993799031 -0.030597171 0.106897682 1.821315765 0.031266905 0.999500453 -0.004594452 -0.053131185 -0.106703699 0.007908320 0.994259417 14.220643997
1490165937.734890 0.993809819 -0.030179245 0.106917419 1.880982995 0.030813733 0.999515951 -0.004286941 -0.059854142 -0.106736302 0.007554927 0.994258583 14.725060463
1490165937.786952 0.993825555 -0.029868262 0.106857166 1.945022941 0.030560642 0.999521136 -0.004847517 -0.059162132 -0.106661223 0.008083210 0.994262516 15.224675179
1490165937.840189 0.993870258 -0.028709404 0.106760517 2.000779867 0.029437954 0.999552846 -0.005254183 -0.061076395 -0.106561929 0.008364787 0.994270861 15.680517197
1490165937.891703 0.993887544 -0.028672729 0.106608465 2.061632872 0.029476138 0.999547720 -0.005967670 -0.065814272 -0.106389135 0.009073598 0.994283140 16.148317337
1490165937.969230 0.993888199 -0.028041137 0.106771573 2.143142223 0.029024957 0.999549270 -0.007671099 -0.057895578 -0.106508352 0.010723253 0.994253933 16.922201157
1490165938.021304 0.993830979 -0.028299578 0.107233688 2.203948736 0.029426638 0.999526978 -0.008942274 -0.058023676 -0.106929883 0.012042635 0.994193554 17.421377182
1490165938.073344 0.993835747 -0.028935475 0.107020780 2.265328407 0.030204790 0.999491155 -0.010258252 -0.054601327 -0.106669500 0.013427555 0.994203746 17.923206329
1490165938.151265 0.993835986 -0.029486578 0.106867284 2.364223719 0.030862315 0.999460518 -0.011242086 -0.062808543 -0.106478140 0.014470962 0.994209647 18.640907288
1490165938.231521 0.993828595 -0.029293850 0.106988400 2.450663567 0.030718802 0.999459684 -0.011694747 -0.072182372 -0.106588021 0.014909130 0.994191468 19.395933151
1490165938.281153 0.993888259 -0.028896872 0.106540881 2.520439625 0.030370662 0.999463737 -0.012236296 -0.063010141 -0.106130183 0.015397229 0.994232953 19.918020248
1490165938.333212 0.993876934 -0.028749960 0.106686205 2.586570501 0.030217171 0.999469399 -0.012161332 -0.066578344 -0.106279962 0.015310625 0.994218290 20.461479187
1490165938.385410 0.993867338 -0.029486017 0.106575951 2.655202389 0.030963760 0.999445617 -0.012237224 -0.061678082 -0.106156059 0.015462168 0.994229198 20.986440659
1490165938.463377 0.993897259 -0.028855616 0.106468417 2.744731188 0.030068360 0.999499798 -0.009802738 -0.062839508 -0.106132269 0.012944246 0.994267702 21.771825790
1490165938.515437 0.993929982 -0.027992887 0.106393769 2.809837580 0.029063465 0.999541223 -0.008524986 -0.057890445 -0.106106281 0.011565408 0.994287550 22.309020996
1490165938.567754 0.993952513 -0.028195802 0.106130011 2.884625912 0.029121492 0.999550104 -0.007182343 -0.063193962 -0.105879776 0.010229570 0.994326234 22.800647736
1490165938.619690 0.993985832 -0.026764376 0.106188014 2.937176943 0.027555162 0.999602377 -0.005986610 -0.061922990 -0.105985574 0.008876633 0.994328022 23.296068192
1490165938.697908 0.993974924 -0.026273018 0.106412344 3.037215233 0.026926603 0.999626279 -0.004709681 -0.063135594 -0.106248841 0.007546627 0.994310796 24.082870483
1490165938.750029 0.993955195 -0.026143493 0.106628314 3.101535797 0.026836863 0.999626935 -0.005072804 -0.062661394 -0.106455907 0.007903708 0.994285941 24.623786926
1490165938.827840 0.993956089 -0.025710696 0.106724992 3.201303959 0.026401263 0.999638557 -0.005062426 -0.073059037 -0.106556244 0.007849503 0.994275689 25.381757736
1490165938.853815 0.993993938 -0.024710612 0.106608503 3.239699125 0.025454551 0.999660313 -0.005623014 -0.057027876 -0.106433325 0.008302912 0.994285166 25.710855484
1490165938.879982 0.993989646 -0.023206161 0.106986858 3.265722513 0.023914248 0.999699831 -0.005340027 -0.063541785 -0.106830791 0.007866439 0.994246006 25.964992523
1490165938.933279 0.993998289 -0.024107570 0.106706679 3.336203575 0.024826849 0.999677062 -0.005417281 -0.061486766 -0.106541604 0.008033957 0.994275868 26.496021271
1490165938.957933 0.993936002 -0.024952654 0.107091367 3.371282101 0.025633702 0.999659061 -0.004987486 -0.062646404 -0.106930383 0.007702388 0.994236708 26.756141663
1490165939.062165 0.994064033 -0.021505564 0.106649600 3.478919029 0.022100823 0.999746084 -0.004402543 -0.059787981 -0.106527790 0.006733453 0.994287014 27.649473190
1490165939.218298 0.994102240 -0.018467553 0.106863171 3.662702799 0.018764030 0.999822438 -0.001769449 -0.065187827 -0.106811509 0.003764196 0.994272113 29.155435562
1490165939.270225 0.994095445 -0.015093939 0.107454896 3.714390516 0.015302472 0.999882400 -0.001116334 -0.057103682 -0.107425399 0.002754069 0.994209349 29.745828629
1490165939.322469 0.994129896 -0.016635194 0.106906809 3.790479660 0.016860018 0.999857128 -0.001199451 -0.062574245 -0.106871583 0.002994861 0.994268298 30.242027283
1490165939.400753 0.994095325 -0.019985542 0.106654301 3.896870375 0.020361163 0.999789774 -0.002433986 -0.068363123 -0.106583223 0.004591219 0.994293153 30.962459564
1490165939.452585 0.994069517 -0.016285058 0.107519753 3.945549726 0.016726838 0.999854982 -0.003208177 -0.069649011 -0.107451916 0.004987617 0.994197726 31.535394669
1490165939.530749 0.994004369 -0.013203640 0.108540237 4.034478188 0.013723152 0.999897659 -0.004040743 -0.065114006 -0.108475767 0.005506029 0.994083822 32.379302979
1490165939.582734 0.993963182 -0.013491184 0.108881667 4.108579636 0.014055210 0.999891520 -0.004414333 -0.064269736 -0.108810283 0.005918040 0.994044900 32.939277649
1490165939.686676 0.993882358 -0.014814080 0.109445520 4.236773968 0.015253740 0.999878585 -0.003180980 -0.087555505 -0.109385103 0.004830973 0.993987799 33.860572815
1490165939.739041 0.993831158 -0.016021024 0.109740421 4.314260960 0.016519057 0.999856949 -0.003630588 -0.079941675 -0.109666541 0.005421000 0.993953645 34.467746735
1490165939.817067 0.993821502 -0.015028240 0.109967351 4.424627304 0.015457754 0.999875903 -0.003054325 -0.095226668 -0.109907776 0.004735301 0.993930399 35.242008209
1490165939.869059 0.993683517 -0.013903360 0.111353517 4.487254143 0.014462772 0.999886572 -0.004217551 -0.066898562 -0.111282229 0.005801390 0.993771851 35.887458801
1490165939.921138 0.993667305 -0.013006070 0.111607231 4.561243057 0.013547912 0.999899864 -0.004097869 -0.073563442 -0.111542754 0.005583963 0.993743896 36.445163727
1490165939.973102 0.993604958 -0.011379781 0.112336718 4.622302532 0.011953336 0.999918759 -0.004433428 -0.076359406 -0.112277135 0.005747876 0.993660271 36.961269379
1490165940.025199 0.993595541 -0.011725590 0.112384409 4.709445477 0.012308142 0.999914229 -0.004491113 -0.084256724 -0.112322092 0.005845594 0.993654609 37.517295837
1490165940.077253 0.993472755 -0.011977336 0.113438733 4.779664516 0.012660741 0.999905705 -0.005305878 -0.078422427 -0.113364495 0.006707462 0.993530810 38.084339142
1490165940.129206 0.993461967 -0.011931973 0.113538049 4.862335682 0.012706513 0.999900639 -0.006100589 -0.080282167 -0.113453969 0.007503375 0.993514836 38.666309357
1490165940.207127 0.993375838 -0.012347741 0.114246368 4.964934826 0.013202367 0.999890208 -0.006726917 -0.084153533 -0.114150755 0.008190678 0.993429601 39.393135071
1490165940.259354 0.993367195 -0.012319816 0.114323758 5.042550087 0.013249520 0.999884963 -0.007375853 -0.083655924 -0.114219755 0.008841665 0.993416190 39.930789948
1490165940.311584 0.993242800 -0.011009705 0.115530118 5.094514370 0.011919170 0.999903142 -0.007184199 -0.088119045 -0.115439810 0.008512676 0.993278086 40.448394775
1490165940.389522 0.993269861 -0.009897231 0.115399294 5.219832420 0.010708544 0.999922097 -0.006412659 -0.099332035 -0.115326844 0.007605259 0.993298411 41.230148315
1490165940.441334 0.993167281 -0.010163008 0.116256133 5.287531376 0.011088639 0.999911785 -0.007317998 -0.081577078 -0.116171502 0.008557117 0.993192315 41.799854279
1490165940.493471 0.993134737 -0.008386853 0.116674148 5.351963043 0.009213850 0.999936104 -0.006550524 -0.088044092 -0.116611771 0.007580572 0.993148625 42.319152832
1490165940.545746 0.993008912 -0.008746527 0.117714979 5.428487778 0.009589961 0.999932289 -0.006600539 -0.100667045 -0.117649265 0.007683276 0.993025482 42.964218140
1490165940.623639 0.993118882 -0.008226476 0.116821535 5.569520473 0.009230390 0.999925017 -0.008055153 -0.102367491 -0.116746493 0.009078033 0.993120253 43.683124542
1490165940.675915 0.993093133 -0.008082934 0.117050603 5.630286217 0.009233884 0.999914169 -0.009293988 -0.103304893 -0.116965443 0.010310628 0.993082464 44.268409729
1490165940.727613 0.992921233 -0.007583819 0.118533514 5.673400402 0.008926957 0.999901772 -0.010804447 -0.117490828 -0.118439943 0.011786109 0.992891252 44.800064087
1490165940.805999 0.993011773 -0.009604551 0.117624559 5.842994690 0.011323178 0.999838591 -0.013951564 -0.103957653 -0.117471576 0.015185950 0.992960215 45.846443176
1490165940.883688 0.992747605 -0.009137571 0.119870171 5.895164490 0.011119173 0.999812126 -0.015872797 -0.107088089 -0.119702607 0.017090537 0.992662668 46.380611420
1490165940.910077 0.992793202 -0.009918550 0.119429693 5.939868927 0.011879005 0.999805987 -0.015714437 -0.118442714 -0.119250663 0.017019890 0.992718339 46.650726318
1490165940.961838 0.992914855 -0.010092928 0.118398979 6.029338837 0.011969017 0.999813676 -0.015145116 -0.144166589 -0.118224055 0.016454926 0.992850661 47.117664337
1490165941.040133 0.992821872 -0.012693804 0.118927129 6.146182060 0.014477633 0.999795139 -0.014147383 -0.161134541 -0.118723176 0.015767613 0.992802143 47.916908264
1490165941.092004 0.992878139 -0.012784080 0.118446425 6.229854584 0.014495659 0.999802470 -0.013599980 -0.165232927 -0.118249156 0.015220080 0.992867410 48.471977234
1490165941.144188 0.992841542 -0.015055517 0.118486606 6.317491531 0.016703688 0.999776840 -0.012929361 -0.163328350 -0.118265502 0.014815968 0.992871523 49.091716766
1490165941.196106 0.992808580 -0.012013800 0.119107857 6.386460781 0.013313069 0.999860168 -0.010118639 -0.200846255 -0.118969634 0.011631558 0.992829800 49.657455444
1490165941.248077 0.992707372 -0.012112869 0.119939253 6.465693474 0.013367038 0.999863982 -0.009657678 -0.203902960 -0.119805962 0.011190480 0.992734253 50.305015564
1490165941.300474 0.992642581 -0.012787020 0.120404340 6.546604633 0.013973925 0.999861777 -0.009018463 -0.226352125 -0.120272353 0.010634631 0.992684007 50.841587067
1490165941.378551 0.992542863 -0.017111558 0.120689280 6.674555302 0.018538330 0.999770761 -0.010708928 -0.235207647 -0.120478369 0.012866447 0.992632568 51.644577026
1490165941.456383 0.992522478 -0.016779929 0.120903514 6.796617031 0.018359652 0.999759853 -0.011963786 -0.255141079 -0.120673724 0.014094071 0.992592156 52.529407501
1490165941.508528 0.992582142 -0.017328421 0.120334856 6.891839981 0.019200182 0.999711752 -0.014412518 -0.238382041 -0.120050400 0.016616056 0.992628753 53.180809021
1490165941.560708 0.992409647 -0.018672412 0.121550687 6.954401016 0.020716034 0.999664187 -0.015570880 -0.254992783 -0.121219099 0.017970737 0.992463171 53.684940338
1490165941.664755 0.992487371 -0.019177580 0.120835416 7.112526417 0.021262296 0.999646246 -0.015986741 -0.275769055 -0.120486073 0.018435877 0.992543876 54.793350220
1490165941.717039 0.992496789 -0.021233033 0.120414227 7.202984810 0.023387276 0.999590218 -0.016505184 -0.283897519 -0.120014451 0.019197498 0.992586553 55.346012115
1490165941.768674 0.992518067 -0.020700064 0.120330639 7.281777382 0.022882299 0.999597311 -0.016781799 -0.298533916 -0.119934775 0.019409679 0.992592096 55.852375031
1490165941.821309 0.992488742 -0.021471666 0.120436557 7.363248348 0.023603804 0.999588430 -0.016304685 -0.294534743 -0.120036870 0.019024977 0.992587149 56.493965149
1490165941.872620 0.992435694 -0.022557786 0.120675661 7.435949802 0.024734376 0.999556780 -0.016569152 -0.300540388 -0.120248407 0.019428656 0.992553711 57.059108734
1490165941.924751 0.992487133 -0.023645820 0.120042562 7.521453381 0.025886016 0.999517977 -0.017136501 -0.314538181 -0.119579494 0.020115174 0.992620826 57.612419128
1490165941.976998 0.992522061 -0.026366381 0.119183831 7.611367226 0.028689589 0.999429643 -0.017818855 -0.337591887 -0.118646011 0.021104939 0.992712319 58.112735748
1490165942.028993 0.992541075 -0.026538936 0.118987523 7.687462807 0.029025169 0.999394119 -0.019210495 -0.349399865 -0.118405610 0.022520838 0.992709816 58.690311432
1490165942.081198 0.992561996 -0.027363498 0.118625298 7.767883301 0.029937532 0.999352276 -0.019971116 -0.359911084 -0.118001975 0.023373919 0.992738307 59.227634430
1490165942.133238 0.992578804 -0.027645515 0.118419372 7.842567921 0.030273521 0.999332428 -0.020451015 -0.366696954 -0.117774948 0.023884214 0.992753088 59.859142303
1490165942.184874 0.992622435 -0.029059006 0.117712967 7.920161247 0.031745929 0.999275029 -0.021015391 -0.375052929 -0.117016926 0.024597254 0.992825270 60.397666931
1490165942.263133 0.992700696 -0.030278247 0.116742589 8.039980888 0.032926746 0.999240816 -0.020824758 -0.397767484 -0.116023429 0.024516700 0.992943883 61.175846100
1490165942.341307 0.992713392 -0.031007662 0.116441727 8.148569107 0.033528920 0.999242604 -0.019756127 -0.405842125 -0.115740940 0.023516344 0.993000984 62.082382202
1490165942.419396 0.992732108 -0.032738376 0.115806714 8.266543388 0.035036284 0.999226451 -0.017862480 -0.427111268 -0.115132317 0.021790097 0.993111074 62.925647736
1490165942.497446 0.992704570 -0.035387848 0.115261801 8.384854317 0.037535563 0.999158800 -0.016515890 -0.452384949 -0.114580363 0.020721816 0.993197799 63.786319733
1490165942.549505 0.992636800 -0.036441710 0.115517445 8.460189819 0.038596723 0.999119163 -0.016472999 -0.456100106 -0.114815369 0.020810302 0.993168771 64.349464417
1490165942.601549 0.992640793 -0.037874438 0.115022212 8.543515205 0.040064193 0.999056160 -0.016785085 -0.464774311 -0.114277922 0.021269836 0.993221045 64.908325195
1490165942.679565 0.992698729 -0.038920879 0.114168860 8.665807724 0.041295197 0.998975694 -0.018504804 -0.479673624 -0.113331683 0.023084320 0.993288934 65.753334045
1490165942.757968 0.992735207 -0.038906705 0.113856167 8.768579483 0.041456901 0.998937845 -0.020116115 -0.492787242 -0.112952568 0.024690097 0.993293524 66.530342102
1490165942.836354 0.992787659 -0.040169373 0.112956598 8.886833191 0.042777970 0.998868763 -0.020764615 -0.510444760 -0.111994736 0.025446907 0.993382931 67.408660889
1490165942.887813 0.992766917 -0.041513916 0.112652078 8.972138405 0.044183068 0.998796344 -0.021300511 -0.503985345 -0.111632220 0.026123753 0.993406177 67.968147278
1490165942.939865 0.992804289 -0.040949561 0.112528451 9.036520958 0.043481592 0.998851180 -0.020138785 -0.522915542 -0.111574508 0.024886787 0.993444443 68.487091064
1490165943.020227 0.992841244 -0.042453494 0.111641683 9.167557716 0.044872813 0.998807311 -0.019246658 -0.538384616 -0.110691428 0.024118550 0.993562043 69.319473267
1490165943.069976 0.992826104 -0.041419931 0.112163939 9.224873543 0.043827474 0.998856962 -0.019083526 -0.539271772 -0.111245267 0.023862487 0.993506312 69.963928223
1490165943.122198 0.992801011 -0.041605230 0.112318866 9.288332939 0.043966170 0.998859406 -0.018624306 -0.558365345 -0.111415908 0.023428457 0.993497550 70.507064819
1490165943.174115 0.992719233 -0.043797240 0.112207942 9.376701355 0.046173140 0.998759151 -0.018662481 -0.582127392 -0.111251332 0.023707598 0.993509352 71.065246582
1490165943.226139 0.992785871 -0.043827415 0.111604251 9.467884064 0.046241172 0.998747110 -0.019130705 -0.585399628 -0.110625945 0.024153400 0.993568540 71.674530029
1490165943.304492 0.992877722 -0.040735420 0.111957386 9.560895920 0.043079454 0.998898566 -0.018597014 -0.589605212 -0.111076489 0.023287619 0.993539035 72.539588928
1490165943.356360 0.992972016 -0.039887223 0.111425340 9.648866653 0.042155489 0.998947561 -0.018074622 -0.589416862 -0.110587120 0.022644779 0.993608415 73.189178467
1490165943.408392 0.992916524 -0.040458266 0.111713879 9.711879730 0.042526290 0.998964131 -0.016190466 -0.599124670 -0.110943124 0.020826554 0.993608475 73.737335205
1490165943.460506 0.992884159 -0.041793663 0.111509174 9.785479546 0.043671932 0.998941422 -0.014453968 -0.606791854 -0.110787012 0.019220931 0.993658245 74.269996643
1490165943.538401 0.992809594 -0.040815029 0.112531625 9.865841866 0.042352460 0.999038756 -0.011304599 -0.635331810 -0.111962058 0.015989304 0.993583798 75.136398315
1490165943.590458 0.992971003 -0.041043658 0.111015476 9.988171577 0.042473365 0.999041975 -0.010543284 -0.620565474 -0.110476390 0.015184372 0.993762672 75.794967651
1490165943.642581 0.993002534 -0.037128557 0.112105079 10.018596649 0.038363904 0.999224544 -0.008881737 -0.625710726 -0.111688361 0.013120372 0.993656635 76.302391052
1490165943.720740 0.993081331 -0.036227580 0.111700848 10.159426689 0.037400860 0.999264836 -0.008425605 -0.623591959 -0.111313492 0.012545019 0.993706167 77.276901245
1490165943.772881 0.993143737 -0.034890920 0.111571506 10.235964775 0.036143024 0.999304116 -0.009219016 -0.614537656 -0.111172192 0.013188340 0.993713677 77.838722229
1490165943.850932 0.993299305 -0.034381561 0.110337444 10.378113747 0.035593539 0.999325514 -0.009032908 -0.650630951 -0.109952442 0.012899682 0.993853211 78.691810608
1490165943.903071 0.993202567 -0.032742534 0.111698173 10.429536819 0.034360997 0.999330044 -0.012594904 -0.636282802 -0.111210965 0.016347354 0.993662298 79.405685425
1490165943.954865 0.993306339 -0.031379782 0.111165226 10.510840416 0.033283476 0.999328613 -0.015310325 -0.652719855 -0.110610142 0.018907808 0.993683994 79.995704651
1490165944.033095 0.993264854 -0.027984338 0.112435080 10.588566780 0.030398058 0.999341488 -0.019810617 -0.674757779 -0.111806639 0.023094995 0.993461609 80.837799072
1490165944.084830 0.993299186 -0.027952574 0.112139925 10.684070587 0.030907840 0.999217033 -0.024701683 -0.655615926 -0.111361638 0.028002162 0.993385255 81.546813965
1490165944.163217 0.993318021 -0.027129052 0.112176128 10.787290573 0.030599043 0.999101460 -0.029328045 -0.681191325 -0.111279674 0.032564554 0.993255317 82.385612488
1490165944.241736 0.993462503 -0.025508992 0.111272492 10.923151016 0.029475022 0.998982310 -0.034144092 -0.677857876 -0.110288233 0.037200630 0.993203223 83.257675171
1490165944.319454 0.993594944 -0.021715373 0.110893667 11.047996521 0.026090696 0.998931110 -0.038157493 -0.733902931 -0.109946534 0.040806390 0.993099451 84.130630493
1490165944.371291 0.993612647 -0.019972645 0.111062303 11.116834641 0.024552425 0.998897135 -0.040022504 -0.777260065 -0.110140450 0.042493712 0.993007183 84.682273865
1490165944.423286 0.993605316 -0.019232539 0.111257605 11.203139305 0.024044404 0.998825312 -0.042070840 -0.797520399 -0.110317782 0.044476938 0.992900729 85.330245972
1490165944.501273 0.993789256 -0.017360529 0.109915279 11.340729713 0.022132944 0.998857737 -0.042348847 -0.822638512 -0.109054536 0.044518590 0.993038416 86.133415222
1490165944.579698 0.993723273 -0.015713707 0.110756114 11.448415756 0.020201854 0.999014735 -0.039517805 -0.849779129 -0.110026002 0.041507240 0.993061662 87.170227051
1490165944.631557 0.993650794 -0.013867594 0.111648612 11.505141258 0.018077241 0.999159753 -0.036780823 -0.874582291 -0.111044757 0.038565598 0.993066788 87.804206848
1490165944.709742 0.993667960 -0.012835820 0.111619912 11.631893158 0.016722467 0.999283433 -0.033954181 -0.914041042 -0.111104101 0.035605747 0.993170738 88.748374939
1490165944.787682 0.993782520 -0.010127718 0.110876366 11.775113106 0.013943534 0.999334991 -0.033693932 -0.926651239 -0.110461406 0.035030447 0.993262887 89.693817139
1490165944.840868 0.993801951 -0.008205436 0.110861100 11.847823143 0.012179269 0.999305606 -0.035215691 -0.963204861 -0.110495143 0.036347628 0.993211806 90.333641052
1490165944.891768 0.993803144 -0.007333883 0.110911414 11.930727005 0.011603294 0.999214292 -0.037897550 -0.979301929 -0.110546328 0.038949650 0.993107438 90.981727600
1490165944.969874 0.993710041 -0.002265754 0.111959979 12.042557716 0.007137827 0.999043822 -0.043134563 -1.017275333 -0.111755177 0.043662399 0.992776096 91.936477661
1490165945.021960 0.993572354 0.000841560 0.113194793 12.109153748 0.004354979 0.998947918 -0.045652837 -1.047787905 -0.113114096 0.045852359 0.992523491 92.570724487
1490165945.073953 0.993491530 0.001517209 0.113895394 12.204910278 0.003949813 0.998851120 -0.047759376 -1.071764708 -0.113836989 0.047898408 0.992344141 93.176246643
1490165945.151963 0.993276775 0.003440727 0.115713067 12.332230568 0.001808015 0.998975158 -0.045224465 -1.097599983 -0.115750089 0.045129616 0.992252648 94.240821838
1490165945.258204 0.992871106 0.005052913 0.119085506 12.510080338 -0.000681081 0.999325216 -0.036723845 -1.144737005 -0.119190708 0.036380939 0.992204607 95.479850769
1490165945.386410 0.992189527 0.009558976 0.124372102 12.722150803 -0.005882924 0.999535799 -0.029890647 -1.212081194 -0.124600090 0.028925518 0.991785347 97.123153687
1490165945.490521 0.991535425 0.011659805 0.129312158 12.904336929 -0.007558044 0.999454021 -0.032165352 -1.257383108 -0.129616588 0.030915735 0.991082191 98.438385010
1490165945.542660 0.991346598 0.010800864 0.130825609 13.001699448 -0.006367526 0.999392867 -0.034258418 -1.277549267 -0.131116152 0.033128921 0.990813315 99.021797180
1490165945.620647 0.990774632 0.012773150 0.134916797 13.140018463 -0.007793786 0.999271154 -0.037370823 -1.304053068 -0.135295808 0.035974547 0.990151942 99.977516174
1490165945.698563 0.990495741 0.011490235 0.137062863 13.310327530 -0.005983118 0.999160707 -0.040524036 -1.330905199 -0.137413442 0.039318819 0.989733100 100.899238586
1490165945.776634 0.990025640 0.009959535 0.140534908 13.468410492 -0.003766495 0.999012709 -0.044265009 -1.368387461 -0.140836954 0.043294169 0.989085853 101.880294800
1490165945.854693 0.989571810 0.007941575 0.143821582 13.645220757 -0.001133663 0.998877525 -0.047356043 -1.415604591 -0.144036159 0.046699151 0.988470018 102.856781006
1490165945.934173 0.989102364 0.007815111 0.147022292 13.806164742 -0.000642343 0.998809814 -0.048771296 -1.455628157 -0.147228420 0.048145361 0.987930059 103.739494324
1490165945.984704 0.988606393 0.006741586 0.150373593 13.915014267 0.000611958 0.998808324 -0.048802048 -1.484042883 -0.150523394 0.048338026 0.987423956 104.477584839
1490165946.062833 0.987945437 0.003780942 0.154756442 14.093495369 0.003695049 0.998840988 -0.047991969 -1.534105539 -0.154758498 0.047985286 0.986786246 105.405334473
1490165946.114777 0.987299025 0.004059088 0.158821315 14.205052376 0.003601726 0.998844683 -0.047917873 -1.553486586 -0.158832341 0.047881287 0.986143827 106.064422607
1490165946.219029 0.986024737 0.000516171 0.166599035 14.431747437 0.007763427 0.998766541 -0.049042691 -1.605934381 -0.166418865 0.049650677 0.984804273 107.076042175
1490165946.323205 0.984308183 -0.000737780 0.176456362 14.697973251 0.010000968 0.998617172 -0.051612061 -1.674034834 -0.176174253 0.052566912 0.982954383 108.580513000
1490165946.401255 0.982695401 0.000563472 0.185228050 14.884071350 0.009991496 0.998378277 -0.056045253 -1.711092472 -0.184959248 0.056926124 0.981095970 109.712432861
1490165946.479763 0.981418490 -0.004960404 0.191815794 15.105414391 0.016794099 0.998050094 -0.060116567 -1.776122570 -0.191143557 0.062220879 0.979588091 110.563995361
1490165946.533710 0.980556011 -0.006654860 0.196126506 15.240257263 0.019189717 0.997886539 -0.062081330 -1.800100803 -0.195298836 0.064637825 0.978611410 111.083457947
1490165946.609249 0.978964508 -0.012745723 0.203632087 15.524793625 0.026027152 0.997694373 -0.062678345 -1.859767437 -0.202363715 0.066659853 0.977038980 112.305961609
1490165946.661422 0.977793157 -0.011433693 0.209259942 15.608692169 0.025016457 0.997739077 -0.062377341 -1.907723427 -0.208073601 0.066227086 0.975868464 112.606323242
1490165946.713377 0.976754606 -0.016690146 0.213709489 15.793172836 0.030646820 0.997595608 -0.062161073 -1.926250935 -0.212158129 0.067265645 0.974917471 113.228286743
1490165946.791552 0.974536955 -0.018513769 0.223461553 16.042913437 0.033074021 0.997553289 -0.061591692 -1.981388092 -0.221774533 0.067414150 0.972764730 114.369979858
1490165946.869982 0.972660601 -0.022482298 0.231141001 16.299785614 0.038084764 0.997269928 -0.063262783 -2.040555000 -0.229087710 0.070336178 0.970861197 115.328498840
1490165946.973659 0.970214486 -0.025227197 0.240930930 16.659973145 0.042837076 0.996756077 -0.068134785 -2.112322330 -0.238430530 0.076426126 0.968147635 116.717796326
1490165947.051908 0.968240023 -0.027106648 0.248548836 16.894958496 0.046041820 0.996435285 -0.070688337 -2.172256947 -0.245746702 0.079886898 0.966036499 117.500205994
1490165947.103723 0.966938257 -0.029217221 0.253331453 17.077400208 0.049170755 0.996134222 -0.072793178 -2.204000950 -0.250225335 0.082843013 0.964636862 118.119850159
1490165947.156028 0.965721607 -0.029604116 0.257886201 17.274589539 0.050126944 0.996044040 -0.073372155 -2.245898724 -0.254693925 0.083784118 0.963385224 118.767021179
1490165947.233831 0.963364959 -0.030797811 0.266419470 17.549976349 0.051742367 0.996064901 -0.071954809 -2.317275524 -0.263155043 0.083103925 0.961167574 119.670280457
1490165947.286095 0.962019086 -0.030142831 0.271313041 17.757469177 0.051280487 0.996145964 -0.071158126 -2.349685669 -0.268122524 0.082368545 0.959857047 120.327636719
1490165947.363978 0.959116638 -0.025570778 0.281854063 17.996849060 0.046723939 0.996550679 -0.068585612 -2.426149845 -0.279128015 0.078950919 0.957002819 121.128234863
1490165947.416134 0.957081556 -0.022519162 0.288942665 18.194755554 0.044089019 0.996686101 -0.068360440 -2.468939781 -0.286445707 0.078165717 0.954902589 121.727760315
1490165947.468312 0.954886138 -0.019430682 0.296336055 18.412490845 0.041186765 0.996878982 -0.067351386 -2.516769886 -0.294102430 0.076518007 0.952706099 122.397994995
1490165947.520381 0.952769756 -0.023355493 0.302793890 18.669824600 0.046221830 0.996574879 -0.068572313 -2.531628609 -0.300155222 0.079329312 0.950585842 123.085624695
1490165947.598465 0.948952913 -0.020057963 0.314779103 18.990913391 0.044250082 0.996572375 -0.069896758 -2.598873138 -0.312298179 0.080257744 0.946587801 124.018821716
1490165947.624455 0.947540522 -0.019153655 0.319061279 19.107194901 0.044074334 0.996497154 -0.071069933 -2.617042542 -0.316582382 0.081404045 0.945065498 124.403198242
1490165947.704073 0.944538116 -0.021352101 0.327706933 19.453216553 0.047931306 0.996161520 -0.073244743 -2.671970844 -0.324885070 0.084889852 0.941936016 125.212844849
1490165947.754401 0.941650212 -0.021014180 0.335936517 19.691417694 0.048188455 0.996184707 -0.072759777 -2.720002651 -0.333125770 0.084702507 0.939070225 125.853485107
1490165947.806417 0.939355552 -0.023207424 0.342158854 19.943693161 0.050712518 0.996139050 -0.071660466 -2.770308495 -0.339174688 0.084666379 0.936905622 126.434913635
1490165947.884669 0.935145378 -0.024998557 0.353381366 20.335617065 0.053139478 0.996119678 -0.070155323 -2.835580349 -0.350256294 0.084383905 0.932845116 127.393508911
1490165947.910725 0.934093535 -0.026519068 0.356042266 20.492116928 0.055660777 0.995860875 -0.071854018 -2.835077286 -0.352663100 0.086935952 0.931703210 127.783096313
1490165947.962951 0.931421340 -0.027213857 0.362923861 20.747724533 0.056846153 0.995839596 -0.071219057 -2.889257431 -0.359475821 0.086965762 0.929093122 128.369506836
1490165948.014462 0.928800106 -0.026840732 0.369608015 21.028177261 0.057339996 0.995771050 -0.071779199 -2.935546875 -0.366118401 0.087861843 0.926411092 129.038131714
1490165948.066690 0.926292002 -0.030591171 0.375562847 21.304376602 0.062819719 0.995287418 -0.073868848 -2.969040871 -0.371533275 0.092016853 0.923848450 129.582107544
1490165948.118988 0.923046768 -0.025257574 0.383857667 21.577829361 0.058720473 0.995399654 -0.075706117 -3.021079540 -0.380179554 0.092420578 0.920283616 130.270141602
1490165948.170961 0.920024633 -0.024519240 0.391092688 21.851427078 0.059685342 0.995163858 -0.078015603 -3.066571236 -0.387288392 0.095118769 0.917038798 130.814392090
1490165948.222983 0.916553617 -0.024738837 0.399145931 22.143733978 0.061524753 0.994925320 -0.079613596 -3.114386082 -0.395150781 0.097527482 0.913424492 131.458648682
1490165948.275122 0.912823498 -0.021469593 0.407789528 22.490556717 0.059887514 0.994857907 -0.081678271 -3.156003475 -0.403939068 0.098979346 0.909415364 132.287796021
1490165948.326998 0.908422649 -0.018933304 0.417623937 22.780752182 0.058871586 0.994812667 -0.082957894 -3.206698418 -0.413886875 0.099947020 0.904824913 132.958419800
1490165948.379208 0.905311823 -0.021911733 0.424182296 23.062271118 0.062916405 0.994569659 -0.082903549 -3.272730827 -0.420062274 0.101741575 0.901774049 133.402923584
1490165948.431271 0.901411951 -0.021656949 0.432420641 23.352783203 0.063458577 0.994570851 -0.082472779 -3.326970100 -0.428286850 0.101782739 0.897892356 133.961181641
1490165948.483119 0.897799194 -0.021762712 0.439867109 23.697563171 0.063835859 0.994661272 -0.081081890 -3.382210732 -0.435754091 0.100874558 0.894395053 134.622207642
1490165948.535327 0.894124150 -0.022039846 0.447276741 24.011722565 0.064552851 0.994700134 -0.080029249 -3.434751511 -0.443142325 0.100429051 0.890807927 135.183303833
1490165948.587325 0.890154600 -0.022700742 0.455092847 24.342384338 0.065723151 0.994710863 -0.078935698 -3.497162819 -0.450893909 0.100175112 0.886938274 135.782882690
1490165948.639492 0.886362314 -0.022525433 0.462443978 24.705978394 0.066538237 0.994644821 -0.079084575 -3.534175396 -0.458186030 0.100867793 0.883114457 136.461517334
1490165948.691419 0.882815719 -0.019511541 0.469314158 25.058952332 0.063805565 0.994857311 -0.078662358 -3.590567589 -0.465365708 0.099389218 0.879520595 137.101043701
1490165948.717441 0.880731106 -0.018389739 0.473259568 25.243576050 0.063399248 0.994830310 -0.079328589 -3.613134384 -0.469354123 0.099871442 0.877343953 137.504913330
1490165948.795878 0.875102222 -0.017803548 0.483610570 25.541320801 0.064279534 0.994744599 -0.079694673 -3.694980145 -0.479650170 0.100827247 0.871647537 138.119644165
1490165948.847914 0.870889008 -0.013325756 0.491299063 25.879619598 0.061090779 0.994815052 -0.081308126 -3.743655205 -0.487668276 0.100824192 0.867187381 138.805831909
1490165948.899648 0.869579494 -0.019740157 0.493398249 26.205322266 0.070057601 0.994025111 -0.083702028 -3.802719116 -0.488797992 0.107351877 0.865766764 139.056488037
1490165948.925809 0.868311405 -0.019375736 0.495640755 26.385051727 0.070701838 0.993868530 -0.085009724 -3.822795868 -0.490954697 0.108857639 0.864357114 139.347198486
1490165948.978288 0.865590274 -0.018935211 0.500395000 26.696136475 0.071426086 0.993735850 -0.085950308 -3.881340504 -0.495633036 0.110138990 0.861520290 139.787658691
1490165949.029750 0.862216830 -0.019207163 0.506175160 27.051292419 0.073040016 0.993552029 -0.086715043 -3.930056095 -0.501245797 0.111738198 0.858060002 140.350204468
1490165949.081712 0.863098204 -0.027250195 0.504300416 27.299671173 0.081253394 0.993027687 -0.085404359 -4.001937866 -0.498456955 0.114688486 0.859294593 140.236587524
1490165949.133922 0.855837226 -0.017400894 0.516952395 27.756332397 0.071541719 0.993810177 -0.084988244 -4.043129921 -0.512273669 0.109719753 0.851784647 141.479766846
1490165949.185744 0.852458060 -0.017752107 0.522494078 28.085285187 0.071701512 0.993948996 -0.083212137 -4.109477997 -0.517855287 0.108398475 0.848572791 141.959564209
1490165949.263756 0.847483873 -0.016183358 0.530574381 28.547222137 0.071153693 0.993977964 -0.083335541 -4.201562881 -0.526030779 0.108377829 0.843531907 142.600936890
1490165949.315872 0.843911469 -0.013818462 0.536304533 28.871551514 0.069015764 0.994158089 -0.082985424 -4.275695801 -0.532024682 0.107045829 0.839935005 143.019088745
1490165949.368071 0.840472758 -0.012659553 0.541705787 29.214782715 0.068459764 0.994196653 -0.082983233 -4.336576462 -0.537511528 0.106830202 0.836461902 143.503311157
1490165949.419988 0.836495280 -0.010729663 0.547869146 29.576534271 0.067422315 0.994226873 -0.083470166 -4.377861977 -0.543810487 0.106760979 0.832389474 144.076614380
1490165949.472033 0.833326876 -0.010579262 0.552679360 29.948314667 0.068156011 0.994154453 -0.083735406 -4.426648617 -0.548562765 0.107447393 0.829176664 144.561126709
1490165949.524029 0.829447389 -0.011868502 0.558458686 30.246070862 0.070388407 0.994025588 -0.083418667 -4.496439457 -0.554132223 0.108500406 0.825327218 144.886276245
1490165949.576118 0.825906217 -0.008994119 0.563735545 30.713535309 0.068577968 0.994051278 -0.084611252 -4.542659760 -0.559620976 0.108540811 0.821610093 145.587661743
1490165949.628255 0.821584284 -0.007627524 0.570036054 31.077552795 0.068757348 0.993937075 -0.085799284 -4.602272987 -0.565925479 0.109685510 0.817127585 146.070693970
1490165949.680432 0.817679405 -0.007357985 0.575626731 31.455368042 0.070120953 0.993745804 -0.086904407 -4.673238754 -0.571387112 0.111423448 0.813081443 146.549346924
1490165949.758378 0.811753750 -0.006432031 0.583964527 31.905406952 0.071841307 0.993444324 -0.088922530 -4.723765850 -0.579564214 0.114135943 0.806894243 147.229064941
1490165949.810459 0.808129370 -0.009518266 0.588927925 32.285148621 0.076562926 0.993083894 -0.089009739 -4.790266991 -0.584007680 0.117021441 0.803268969 147.648468018
1490165949.862553 0.804110527 -0.009513645 0.594403565 32.707775116 0.077167898 0.993082702 -0.088498250 -4.842227459 -0.589449942 0.117031276 0.799282312 148.212005615
1490165949.914468 0.800340176 -0.011381120 0.599438131 33.102890015 0.079481490 0.993009329 -0.087266162 -4.901670933 -0.594254434 0.117486864 0.795649707 148.668731689
1490165949.943088 0.797545254 -0.010968612 0.603159428 33.269710541 0.078366622 0.993246257 -0.085560113 -4.939916134 -0.598147452 0.115505621 0.793018341 148.887786865
1490165950.018938 0.791307628 -0.009416696 0.611345708 33.570640564 0.077937007 0.993278444 -0.085579634 -4.975099087 -0.606430590 0.115366243 0.786722720 149.420562744
1490165950.096879 0.784835517 -0.009420653 0.619632602 33.838169098 0.079604857 0.993133247 -0.085729457 -5.022488117 -0.614569962 0.116609305 0.780196011 149.802612305
1490165950.148965 0.781085789 -0.009365235 0.624353349 34.266838074 0.080035970 0.993141532 -0.085230537 -5.101830959 -0.619272947 0.116543092 0.776478350 150.274520874
1490165950.200985 0.777061939 -0.009333012 0.629355133 34.641052246 0.081872799 0.992893815 -0.086363867 -5.146219254 -0.624076664 0.118637100 0.772303939 150.689880371
1490165950.253010 0.772870958 -0.009116067 0.634497762 35.144947052 0.082398094 0.992873251 -0.086102739 -5.206419468 -0.629190683 0.118827716 0.768113852 151.214462280
1490165950.304999 0.769716024 -0.010124916 0.638306201 35.565109253 0.084987521 0.992599308 -0.086739346 -5.250909328 -0.632704020 0.121012725 0.764880061 151.650192261
1490165950.357164 0.765072823 -0.008535666 0.643887222 35.995059967 0.083150610 0.992850482 -0.085638665 -5.316642761 -0.638552725 0.119059406 0.760312617 152.129501343
1490165950.409133 0.760260344 -0.006580201 0.649585307 36.512687683 0.081637859 0.992989063 -0.085488327 -5.367333889 -0.644468367 0.118024126 0.755467057 152.740295410
