1490165975.653877258 1.000000000 0.000000022 -0.000000030 -0.000000000 0.000000022 1.000000000 -0.000000011 -0.000001431 -0.000000030 -0.000000011 0.999999940 0.000003815
1490165975.758147955 0.999979317 0.000699569 -0.006393313 -0.000091389 -0.000689727 0.999998569 0.001539443 -0.006152853 0.006394386 -0.001535004 0.999978364 0.759340763
1490165975.836136341 0.999942482 0.002038149 -0.010526985 -0.003996963 -0.002006673 0.999993563 0.002998359 0.000713537 0.010533004 -0.002977088 0.999940038 1.353808045
1490165975.914044142 0.999883413 0.004781983 -0.014502319 -0.008685665 -0.004724771 0.999980927 0.003974806 0.002118430 0.014521031 -0.003905824 0.999886930 1.955351710
1490165975.992210627 0.999813914 0.008497465 -0.017320992 -0.030861240 -0.008426403 0.999955773 0.004171479 0.005048384 0.017355708 -0.004024755 0.999841213 2.534182549
1490165976.045855761 0.999775231 0.009966095 -0.018711118 -0.027213180 -0.009895872 0.999943674 0.003840878 0.006182901 0.018748341 -0.003654867 0.999817371 2.937720299
1490165976.096324444 0.999745786 0.011404304 -0.019448431 -0.035478741 -0.011350454 0.999931455 0.002874337 0.010345850 0.019479869 -0.002652868 0.999806702 3.313198805
1490165976.148437738 0.999724746 0.012126038 -0.020085754 -0.039339274 -0.012091999 0.999925196 0.001814198 0.008982816 0.020106195 -0.001570828 0.999796569 3.728169441
1490165976.200132608 0.999707937 0.013059505 -0.020331083 -0.065159328 -0.013055237 0.999914706 0.000343483 0.022807451 0.020333797 -0.000077967 0.999793172 4.135191441
1490165976.252192974 0.999658585 0.015074463 -0.021344272 -0.066504411 -0.015094481 0.999885738 -0.000779152 0.025232974 0.021330088 0.001101047 0.999771833 4.558950901
1490165976.304280043 0.999608755 0.015940713 -0.022985728 -0.063131414 -0.015984546 0.999870598 -0.001726445 0.026693901 0.022955207 0.002093170 0.999734282 4.970588207
1490165976.356772184 0.999576986 0.017537825 -0.023203462 -0.081731819 -0.017592365 0.999842823 -0.002150394 0.029724300 0.023162097 0.002557680 0.999728441 5.415771961
1490165976.382978678 0.999564886 0.017460972 -0.023772150 -0.087922901 -0.017514570 0.999844491 -0.002049364 0.028559061 0.023732692 0.002464801 0.999715209 5.629228592
1490165976.434488773 0.999528229 0.018220302 -0.024725674 -0.078234158 -0.018262975 0.999832273 -0.001500718 0.029437870 0.024694145 0.001951564 0.999693096 5.974246979
1490165976.486677885 0.999498188 0.019898858 -0.024647830 -0.095418610 -0.019921511 0.999801338 -0.000676330 0.035070274 0.024629474 0.001167011 0.999695897 6.426733494
1490165976.538736105 0.999487996 0.019795807 -0.025139840 -0.107502639 -0.019804996 0.999803960 -0.000118151 0.034062199 0.025132503 0.000615977 0.999683857 6.859618187
1490165976.590579987 0.999455214 0.020730183 -0.025680779 -0.116004646 -0.020734953 0.999785066 0.000079360 0.040950887 0.025676876 0.000453163 0.999670148 7.328124046
1490165976.642863274 0.999404967 0.022330917 -0.026286094 -0.125490159 -0.022326071 0.999750674 0.000476621 0.048136570 0.026290180 0.000110514 0.999654293 7.797171116
1490165976.694815874 0.999408782 0.021295290 -0.026990322 -0.134592861 -0.021290489 0.999773264 0.000462618 0.055329990 0.026994018 0.000112269 0.999635518 8.232609749
1490165976.746912241 0.999385834 0.022083493 -0.027207883 -0.147666961 -0.022085598 0.999756038 0.000221346 0.064216919 0.027206151 0.000379696 0.999629736 8.711816788
1490165976.798714161 0.999353290 0.022688655 -0.027895128 -0.161603034 -0.022686457 0.999742568 0.000394337 0.067679137 0.027896848 0.000238754 0.999610901 9.183691978
1490165976.824889183 0.999358654 0.022435293 -0.027909638 -0.159558445 -0.022440450 0.999748230 0.000128984 0.067084327 0.027905462 0.000497397 0.999610424 9.390656471
1490165976.876815319 0.999336243 0.023177614 -0.028104005 -0.161721319 -0.023198580 0.999730885 -0.000419475 0.058598071 0.028086662 0.001071155 0.999604881 9.811599731
1490165976.955151320 0.999227583 0.026277067 -0.029217869 -0.157281086 -0.026307195 0.999653637 -0.000647772 0.065067612 0.029190749 0.001415875 0.999572873 10.458357811
1490165977.033095121 0.999233544 0.027960831 -0.027391342 -0.173327625 -0.028005268 0.999607027 -0.001241811 0.063554406 0.027345866 0.002007961 0.999624014 11.123662949
1490165977.113495111 0.999250650 0.028903805 -0.025743278 -0.168426290 -0.028922305 0.999581635 -0.000348076 0.055519134 0.025722412 0.001092382 0.999668479 11.749661446
1490165977.189290285 0.999283969 0.030703777 -0.022104973 -0.182724580 -0.030679803 0.999528348 0.001420734 0.053875055 0.022138178 -0.000741540 0.999754667 12.382474899
1490165977.293367386 0.999282181 0.032010041 -0.020261224 -0.199055493 -0.031914216 0.999477923 0.005033161 0.074146293 0.020411761 -0.004382949 0.999781966 13.355722427
1490165977.397604942 0.999398530 0.030565483 -0.016379924 -0.190406382 -0.030445671 0.999508202 0.007512598 0.081213169 0.016601495 -0.007009403 0.999837577 14.204598427
1490165977.449608803 0.999420702 0.029683558 -0.016642451 -0.200064540 -0.029509595 0.999508262 0.010600683 0.085132152 0.016948907 -0.010103429 0.999805272 14.626379967
1490165977.553710699 0.999388099 0.032015216 -0.014085023 -0.184288234 -0.031845298 0.999419332 0.012124627 0.087217748 0.014464987 -0.011668665 0.999827266 15.482622147
1490165977.631835699 0.999501765 0.027439991 -0.015600801 -0.190080211 -0.027235422 0.999542177 0.013177410 0.102655381 0.015955210 -0.012745949 0.999791384 16.119859695
1490165977.684010029 0.999547303 0.026623895 -0.014017373 -0.186099857 -0.026442315 0.999566078 0.012983667 0.099884070 0.014356929 -0.012607137 0.999817312 16.516921997
1490165977.735855103 0.999624670 0.024121031 -0.012992398 -0.184542120 -0.023960819 0.999636650 0.012348760 0.118526414 0.013285505 -0.012032817 0.999839246 16.958675385
1490165977.787813663 0.999636531 0.023776608 -0.012709498 -0.176789314 -0.023622965 0.999647677 0.012105398 0.117754892 0.012992811 -0.011800761 0.999845862 17.370485306
1490165977.840028048 0.999616385 0.024815433 -0.012302044 -0.171471849 -0.024664229 0.999620199 0.012293999 0.121826045 0.012602417 -0.011985863 0.999848664 17.822435379
1490165977.892143011 0.999673545 0.021501537 -0.013798296 -0.184986889 -0.021315537 0.999681890 0.013485077 0.132721633 0.014083802 -0.013186575 0.999813855 18.167663574
1490165977.944320917 0.999682486 0.020245643 -0.015000365 -0.156763941 -0.020070486 0.999729753 0.011733696 0.135155082 0.015233812 -0.011428923 0.999818623 18.485504150
1490165977.996430874 0.999633551 0.023118064 -0.014078822 -0.178187251 -0.022969441 0.999679685 0.010625234 0.135821372 0.014319892 -0.010297974 0.999844432 18.947898865
1490165978.074392557 0.999662519 0.021456653 -0.014643859 -0.181444868 -0.021379761 0.999756992 0.005384122 0.129289940 0.014755771 -0.005069237 0.999878228 19.549514771
1490165978.100504637 0.999636769 0.017629312 -0.020381510 -0.183662876 -0.017485596 0.999821126 0.007206600 0.118382759 0.020504892 -0.006847624 0.999766290 19.757865906
1490165978.126549006 0.999646604 0.014577592 -0.022227583 -0.156292498 -0.014533047 0.999892056 0.002162761 0.128359646 0.022256691 -0.001838986 0.999750555 19.901567459
1490165978.152362347 0.999635100 0.015047812 -0.022431793 -0.171367764 -0.015071766 0.999886036 -0.000900289 0.119995184 0.022415668 0.001238023 0.999747932 20.153776169
1490165978.334695816 0.999369025 0.014873140 -0.032253653 -0.142694354 -0.015380940 0.999760807 -0.015554219 0.113638937 0.032014579 0.016040474 0.999358654 21.163236618
1490165978.386806726 0.999534905 0.014938140 -0.026583776 -0.110906422 -0.015466518 0.999684632 -0.019783750 0.099791199 0.026279839 0.020185683 0.999450862 21.451313019
1490165978.464568615 0.999383867 0.012107478 -0.032942865 -0.161036134 -0.012416243 0.999880850 -0.009185115 0.117183000 0.032827716 0.009588461 0.999414980 22.052753448
1490165978.516615629 0.999363661 0.011521964 -0.033756677 -0.165979445 -0.011547473 0.999933302 -0.000561512 0.126297206 0.033747938 0.000950939 0.999429882 22.435606003
1490165978.594965458 0.999321103 0.010654946 -0.035265174 -0.152229369 -0.010054328 0.999802172 0.017164633 0.127399206 0.035441063 -0.016798425 0.999230564 22.933883667
1490165978.647213936 0.998377740 0.004889287 -0.056727882 -0.211654067 -0.002825845 0.999333441 0.036396656 0.181019306 0.056868047 -0.036177326 0.997725904 23.413269043
1490165978.724984407 0.998363078 0.006281514 -0.056848522 -0.237090707 -0.003283778 0.998606503 0.052671373 0.207711577 0.057100173 -0.052398492 0.996992409 23.969657898
1490165978.803313494 0.998306215 0.009136898 -0.057457469 -0.268200159 -0.005477021 0.997964621 0.063533880 0.237778544 0.057921045 -0.063111588 0.996324182 24.535001755
1490165978.881217003 0.998268604 0.012033713 -0.057575870 -0.296329141 -0.008154518 0.997710228 0.067140907 0.258441210 0.058252003 -0.066555165 0.996080816 25.074813843
1490165978.933252335 0.998250186 0.015334655 -0.057108786 -0.346830726 -0.011639646 0.997851253 0.064479753 0.277356982 0.057974860 -0.063702218 0.996283472 25.470342636
1490165978.985432148 0.998099029 0.009992963 -0.060813695 -0.317748427 -0.005817075 0.997636974 0.068459652 0.316343904 0.061354097 -0.067975774 0.995798647 25.724437714
1490165979.063362122 0.998038948 0.006568635 -0.062249787 -0.311915874 -0.003104132 0.998449028 0.055588260 0.335513353 0.062518366 -0.055286035 0.996511400 26.170989990
1490165979.141676664 0.997987211 0.006682935 -0.063060626 -0.332826614 -0.004051368 0.999119282 0.041765958 0.355445623 0.063284189 -0.041426439 0.997135341 26.666419983
1490165979.245540619 0.998003066 0.005480187 -0.062927239 -0.402957916 -0.003650784 0.999568462 0.029149231 0.395647019 0.063059822 -0.028861307 0.997592390 27.472167969
1490165979.323601484 0.995743513 -0.013497572 -0.091172367 -0.486682415 0.018113574 0.998585284 0.049992971 0.553850830 0.090368591 -0.051431648 0.994579434 28.065151215
1490165979.427804232 0.995548666 -0.014723772 -0.093090333 -0.547544718 0.019536147 0.998507679 0.050997406 0.606016994 0.092200533 -0.052589040 0.994350731 28.775489807
1490165979.531883478 0.995163560 -0.012699673 -0.097405560 -0.592757463 0.018543368 0.998066485 0.059324641 0.658664584 0.096463814 -0.060843967 0.993475080 29.534999847
1490165979.609999895 0.993220568 -0.026590999 -0.113163114 -0.696800947 0.035389267 0.996444046 0.076464191 0.720529556 0.110727429 -0.079950556 0.990629733 30.204200745
1490165979.714065313 0.992593467 -0.025888981 -0.118693635 -0.774902105 0.035456296 0.996226728 0.079215802 0.770460129 0.116194934 -0.082837507 0.989765942 30.953449249
1490165979.818231106 0.991582572 -0.027751757 -0.126467094 -0.850385427 0.037453290 0.996480465 0.074991561 0.822468162 0.123940840 -0.079096928 0.989131987 31.701040268
1490165979.896308184 0.985464096 -0.052311704 -0.161629409 -0.970192432 0.067587398 0.993600070 0.090503335 0.974129915 0.155860603 -0.100111887 0.982692719 32.375995636
1490165979.948398352 0.984642625 -0.053808350 -0.166083649 -1.032982826 0.069014788 0.993798554 0.087186188 1.007744193 0.160362333 -0.097309448 0.982249796 32.767791748
1490165980.052585602 0.982698023 -0.055322696 -0.176760018 -1.141461372 0.070693038 0.994132459 0.081872448 1.074513912 0.171193451 -0.092951581 0.980842888 33.481277466
1490165980.130606174 0.978508115 -0.061694331 -0.196762651 -1.306226730 0.080031432 0.993019819 0.086640887 1.180954576 0.190043941 -0.100525998 0.976615429 34.207351685
1490165980.208712101 0.976982713 -0.061099075 -0.204381317 -1.425617695 0.080474578 0.992876232 0.087867238 1.253748894 0.197556749 -0.102292262 0.974939704 34.865032196
1490165980.312714100 0.974029779 -0.064612344 -0.217005625 -1.606114388 0.085912198 0.992212057 0.090190656 1.323472261 0.209488153 -0.106491789 0.971994877 35.632057190
1490165980.390860081 0.972467899 -0.062927611 -0.224380031 -1.762766361 0.084993489 0.992302001 0.090071522 1.382355690 0.216984734 -0.106662489 0.970330119 36.275741577
1490165980.469036579 0.969489098 -0.069045730 -0.235210001 -1.906105042 0.092294998 0.991719007 0.089303039 1.445784926 0.227096289 -0.108287044 0.967833221 36.895076752
1490165980.573143005 0.967405438 -0.066942059 -0.244223997 -2.106475830 0.090799473 0.991994560 0.087762535 1.501696110 0.236393884 -0.107077397 0.965739310 37.669158936
1490165980.677088976 0.964823544 -0.065017663 -0.254731476 -2.339169502 0.089680575 0.992213905 0.086422160 1.590455532 0.247129202 -0.106226623 0.963142276 38.549007416
1490165980.755355358 0.957625389 -0.078586869 -0.277087957 -2.560438156 0.106238276 0.990596175 0.086212978 1.670557022 0.267706990 -0.111997068 0.956969082 39.201416016
1490165980.859577179 0.955594122 -0.075901173 -0.284743607 -2.832237244 0.104822725 0.990614235 0.087725058 1.723611355 0.275412589 -0.113677159 0.954581201 40.018768311
1490165980.938308477 0.953267872 -0.072175369 -0.293378532 -3.024967194 0.102231584 0.990823150 0.088421680 1.788461685 0.284304321 -0.114282109 0.951898456 40.678970337
1490165981.015703917 0.941903174 -0.077429280 -0.326838046 -3.280078888 0.110314727 0.990401387 0.083281823 1.829301476 0.317252398 -0.114498459 0.941403627 41.226539612
1490165981.093726158 0.938656628 -0.076417342 -0.336279899 -3.438577652 0.110478245 0.990379810 0.083320104 1.839506149 0.326677680 -0.115360551 0.938068926 41.768127441
1490165981.171819448 0.935183108 -0.074661031 -0.346205413 -3.689426422 0.109715797 0.990511715 0.082759187 1.891441703 0.336741626 -0.115379192 0.934501231 42.412216187
1490165981.250133991 0.924300611 -0.089444980 -0.371036053 -4.088471413 0.127130374 0.988788068 0.078333348 2.010939598 0.359869450 -0.119573534 0.925308585 43.193367004
1490165981.353956461 0.918895900 -0.085916795 -0.385030717 -4.416125298 0.124972470 0.989125907 0.077536896 2.077945471 0.374182075 -0.119366579 0.919640839 44.011253357
1490165981.432239294 0.915268481 -0.081710115 -0.394470364 -4.724104881 0.122160174 0.989401400 0.078498162 2.117369175 0.383875400 -0.120035470 0.915549636 44.687294006
1490165981.510218859 0.911258280 -0.078135356 -0.404355258 -5.021987915 0.118796535 0.989973187 0.076423697 2.208682537 0.394329488 -0.117677726 0.911403298 45.374069214
1490165981.588270664 0.883947670 -0.097533964 -0.457300335 -5.657183647 0.139255241 0.988536537 0.058339011 2.171868801 0.446367979 -0.115250096 0.887396634 46.016716003
1490165981.694170475 0.878859460 -0.095396593 -0.467445970 -6.106352806 0.137636110 0.988843143 0.056970209 2.209929943 0.456795841 -0.114406221 0.882184029 46.866004944
1490165981.770537615 0.875126302 -0.093559429 -0.474763840 -6.496048927 0.135546684 0.989248455 0.054905057 2.257413626 0.464522421 -0.112401523 0.878398895 47.562591553
1490165981.900586128 0.802195072 -0.138649911 -0.580740273 -7.543182373 0.173675627 0.984791338 0.004787805 2.168356895 0.571244121 -0.104701169 0.814074695 48.428863525
1490165981.952633619 0.798820138 -0.137667343 -0.585605741 -7.861772537 0.173224002 0.984870911 0.004764659 2.162246943 0.576090157 -0.105247051 0.810581982 48.856422424
1490165982.004579544 0.796415210 -0.134603381 -0.589580238 -8.163843155 0.170747280 0.985298455 0.005700996 2.153610229 0.580145121 -0.105209559 0.807689607 49.238887787
1490165982.083276749 0.722683907 -0.163369343 -0.671593964 -8.923889160 0.184875757 0.981950581 -0.039925713 2.057733536 0.665994644 -0.095307782 0.739842892 49.807373047
1490165982.134812117 0.718195796 -0.162269711 -0.676655948 -9.291543961 0.183937728 0.982111812 -0.040291771 2.037433863 0.671089888 -0.095525190 0.735196054 50.200546265
1490165982.160748720 0.716132462 -0.162742436 -0.678726137 -9.491333008 0.184247687 0.982021749 -0.041063443 2.039987803 0.673206508 -0.095646873 0.733242452 50.454368591
1490165982.395121574 0.646888912 -0.172450066 -0.742829561 -10.532432556 0.175886720 0.981571853 -0.074704833 1.941624880 0.742023289 -0.082328133 0.665299535 51.505908966
1490165982.498867273 0.632081687 -0.175289631 -0.754815400 -11.391866684 0.173790947 0.981332481 -0.082360961 1.858263254 0.755161762 -0.079121262 0.650745988 52.268711090
1490165982.551177740 0.626415431 -0.175426617 -0.759492576 -11.820114136 0.170877814 0.981550992 -0.085780539 1.819485426 0.760528922 -0.076046191 0.644835293 52.624065399
1490165982.759385347 0.594432652 -0.182255983 -0.783219337 -12.720109940 0.165570334 0.980848193 -0.102583133 1.700379848 0.786915600 -0.068699136 0.613224387 53.541954041
1490165982.837267876 0.584223270 -0.183169827 -0.790652871 -13.384675980 0.162486404 0.980872989 -0.107174776 1.603906155 0.795161188 -0.065856367 0.602811337 54.054580688
1490165982.889679193 0.577349722 -0.184261858 -0.795433640 -13.808698654 0.162055627 0.980681777 -0.109549657 1.543751717 0.800253034 -0.065655991 0.596057117 54.382453918
1490165982.969601870 0.564359307 -0.184879065 -0.804561019 -14.432924271 0.159004182 0.980695128 -0.113819294 1.426076889 0.810071707 -0.063693576 0.582860887 54.838626862
1490165983.045458794 0.554951489 -0.186310425 -0.810751081 -15.082450867 0.156802729 0.980555177 -0.118001528 1.329391479 0.816971183 -0.061642896 0.573374510 55.303234100
1490165983.149481535 0.545866847 -0.186152920 -0.816931129 -15.935819626 0.154378116 0.980659842 -0.120307341 1.175786495 0.823527038 -0.060444515 0.564047575 55.866996765
1490165983.201676607 0.534988523 -0.189120665 -0.823420107 -16.439575195 0.154003680 0.980124712 -0.125053555 1.097153664 0.830704510 -0.059907496 0.553480744 56.211917877
1490165983.279767275 0.522077203 -0.191903234 -0.831028581 -17.103906631 0.153138444 0.979615450 -0.130009159 0.989056110 0.839037538 -0.059387609 0.540822625 56.647781372
1490165983.357780218 0.511403322 -0.194643110 -0.837007046 -17.828557968 0.153633997 0.979027092 -0.133800507 0.869557858 0.845495820 -0.060166687 0.530581474 57.096054077
1490165983.435742140 0.494740844 -0.197546065 -0.846290171 -18.579032898 0.151778430 0.978495657 -0.139676660 0.743074894 0.855683804 -0.059344869 0.514084995 57.562393188
1490165983.513871670 0.484104037 -0.198306963 -0.852242649 -19.304288864 0.149845451 0.978380680 -0.142540291 0.614843845 0.862084329 -0.058700360 0.503353417 57.987380981
1490165983.618014574 0.467236251 -0.198967755 -0.861453474 -20.251667023 0.145257428 0.978384137 -0.147190019 0.436510086 0.872118413 -0.056360003 0.486037940 58.502979279
1490165983.696271420 0.452658832 -0.201240748 -0.868678391 -21.022401810 0.142065525 0.978032351 -0.152545244 0.294912815 0.880293906 -0.054358281 0.471304357 58.915893555
1490165983.800010920 0.438277751 -0.200704038 -0.876145244 -21.996633530 0.135849178 0.978345215 -0.156159267 0.107110023 0.888514280 -0.050582483 0.456052274 59.412960052
1490165983.878544331 0.424475104 -0.202230215 -0.882566392 -22.815299988 0.132842034 0.978099883 -0.160229564 -0.038823605 0.895641565 -0.049228471 0.442043751 59.814662933
1490165983.982461929 0.406605989 -0.204136670 -0.890505254 -23.752893448 0.129523009 0.977752507 -0.164996520 -0.233419418 0.904375613 -0.048252348 0.424000442 60.276046753
1490165984.060390711 0.393805832 -0.205949157 -0.895824552 -24.530349731 0.129137442 0.977306902 -0.167912796 -0.373188496 0.910077035 -0.049559444 0.411464930 60.637432098
1490165984.164519787 0.367903590 -0.208181173 -0.906260192 -25.461471558 0.128217459 0.976663768 -0.172302976 -0.561286926 0.920981646 -0.052807521 0.386010498 61.025924683
1490165984.242570400 0.356847823 -0.206663758 -0.911015809 -26.288698196 0.124816045 0.977025688 -0.172747344 -0.709082127 0.925786436 -0.052064870 0.374444425 61.338672638
1490165984.320860863 0.330675185 -0.203358680 -0.921574295 -27.129642487 0.122115858 0.977518678 -0.171886519 -0.863343716 0.935810626 -0.055700220 0.348074436 61.631370544
1490165984.424527168 0.311496705 -0.197315261 -0.929535627 -28.245264053 0.118731081 0.978619814 -0.167946607 -1.060739994 0.942800462 -0.058049943 0.328264326 62.005050659
1490165984.528530598 0.273770094 -0.190276667 -0.942785680 -29.339300156 0.116409756 0.979584396 -0.163899958 -1.239720345 0.954724431 -0.064878523 0.290330917 62.288196564
1490165984.632768869 0.256532133 -0.186101839 -0.948449969 -30.492778778 0.113477439 0.980300546 -0.161658704 -1.426620007 0.959851027 -0.066157006 0.272597045 62.608131409
1490165984.710813522 0.232235461 -0.176077992 -0.956589341 -31.348709106 0.111788541 0.981792867 -0.153577760 -1.538839340 0.966214180 -0.071269527 0.247690648 62.799690247
1490165984.789208412 0.225692615 -0.177794263 -0.957837164 -32.207588196 0.113908589 0.981277227 -0.155305341 -1.678632736 0.967516184 -0.074054591 0.241719365 63.020343781
1490165984.840935230 0.220047399 -0.176937491 -0.959308267 -32.804668427 0.113303579 0.981392205 -0.155021086 -1.782261372 0.968886673 -0.074581094 0.236000508 63.186218262
1490165984.945154190 0.180911422 -0.149121255 -0.972128510 -33.865798950 0.116703518 0.984709799 -0.129332855 -1.846037865 0.976550639 -0.090053067 0.195548251 63.342529297
1490165984.997138023 0.181808844 -0.153257966 -0.971317410 -34.473384857 0.116217047 0.984205782 -0.133538350 -1.911216259 0.976441979 -0.088605218 0.196748570 63.463523865
1490165985.049227715 0.148080647 -0.108405672 -0.983015895 -35.069633484 0.121060029 0.988486111 -0.090772659 -1.888209343 0.981537819 -0.105562255 0.159499362 63.516292572
1490165985.257666349 0.108482122 -0.055885982 -0.992526293 -36.625896454 0.130538940 0.990573943 -0.041508272 -1.902651668 0.985490322 -0.125060409 0.114754856 63.713260651
1490165985.361759663 0.078531042 0.040082514 -0.996105552 -37.884571075 0.139498800 0.988918722 0.050791092 -1.672998190 0.987103343 -0.142944202 0.072069168 63.792102814
1490165985.439589500 0.075201988 0.039046273 -0.996403515 -38.830429077 0.137588069 0.989269316 0.049150899 -1.622802019 0.987630606 -0.140789494 0.069022603 63.868141174
1490165985.517886400 0.051935971 0.129135013 -0.990266085 -39.702117920 0.158215776 0.978016675 0.135835513 -1.263440609 0.986037731 -0.163730443 0.030363023 63.803894043
1490165985.595927000 0.069753878 0.035303503 -0.996939361 -40.655387878 0.138935089 0.989289701 0.044753596 -1.527152658 0.987841845 -0.141631603 0.064101830 63.998668671
1490165985.647930145 0.045849025 0.208103195 -0.977031648 -41.128894806 0.180539578 0.960228145 0.212996274 -0.729225159 0.982498407 -0.186158568 0.006454735 63.802982330
1490165985.726155519 0.043979149 0.122749664 -0.991462827 -42.141799927 0.162973359 0.978247404 0.128342673 -0.928684235 0.985649705 -0.167226419 0.023017570 63.915309906
1490165985.804358244 0.040816426 0.205652758 -0.977773488 -42.968944550 0.185251594 0.960064650 0.209661290 -0.346322060 0.981843054 -0.189691722 0.001088923 63.848423004
1490165985.856398344 0.084188089 0.411095411 -0.907696486 -43.132781982 0.211465150 0.882810533 0.419437766 0.641017914 0.973752916 -0.227257833 -0.012610199 63.840248108
1490165985.960382223 0.080213346 0.413042217 -0.907172441 -44.289737701 0.215490445 0.881397128 0.420360446 1.175029755 0.973205864 -0.229205474 -0.018306922 63.868698120
1490165986.038697958 0.182713911 0.624143839 -0.759644687 -44.689315796 0.207432002 0.730786204 0.650325656 2.344455719 0.961034536 -0.276398182 0.004057423 63.988368988
1490165986.142487526 0.180690229 0.622271895 -0.761661768 -45.645946503 0.211381510 0.731742442 0.647974432 3.145252228 0.960556507 -0.278083831 0.000681979 64.013008118
1490165986.246958971 0.261261553 0.712533832 -0.651181936 -46.258956909 0.160499170 0.633154631 0.757202208 4.490097046 0.951831043 -0.302341938 0.051057860 64.332733154
1490165986.324775219 0.260341406 0.713455856 -0.650540590 -46.933815002 0.160378292 0.632459760 0.757808268 5.328712463 0.952103496 -0.301621467 0.050232571 64.410400391
1490165986.428882837 0.321947277 0.765956104 -0.556472242 -47.451004028 0.097330704 0.557875395 0.824197769 6.478580475 0.941741288 -0.319510072 0.105055407 64.723274231
1490165986.507094145 0.321033448 0.766924500 -0.555665493 -48.025009155 0.095628768 0.557473481 0.824668765 7.330738068 0.942227542 -0.317883849 0.105627641 64.844161987
1490165986.584862232 0.355915159 0.766455472 -0.534668624 -48.542953491 0.051295787 0.555247605 0.830101728 8.065753937 0.933109403 -0.322872102 0.158305153 65.179130554
1490165986.689018965 0.362651169 0.761139572 -0.537727296 -49.306690216 0.042457823 0.562913597 0.825424492 9.197664261 0.930957079 -0.322171867 0.171824977 65.520118713
1490165986.793170691 0.364138693 0.762473881 -0.534823954 -50.027885437 0.041648690 0.560343444 0.827212632 10.320180893 0.930412889 -0.323494852 0.172286689 65.770751953
1490165986.871217251 0.401820540 0.751747787 -0.522891462 -50.429710388 0.021205554 0.563225746 0.826030970 11.050916672 0.915472806 -0.343004346 0.210374370 66.093811035
1490165986.923115492 0.403234661 0.751457691 -0.522219419 -50.791591644 0.022388816 0.562399209 0.826562703 11.653184891 0.914822698 -0.344990551 0.209954575 66.260536194
1490165987.027250290 0.406626821 0.718745887 -0.563967109 -51.799888611 -0.000327038 0.617420375 0.786633313 12.515232086 0.913594246 -0.319681764 0.251294732 66.802749634
1490165987.079248190 0.406721443 0.718101084 -0.564719737 -52.190803528 -0.000149415 0.618210495 0.786012590 13.050325394 0.913552105 -0.319603801 0.251546830 66.993034363
1490165987.183478117 0.403495103 0.684365869 -0.607317984 -53.158782959 0.000508672 0.663581014 0.748104393 13.755184174 0.914981604 -0.302165419 0.267403454 67.449478149
1490165987.261464357 0.400300652 0.684750617 -0.608995795 -53.822326660 -0.002861070 0.665494859 0.746396959 14.596593857 0.916379392 -0.297040820 0.268357158 67.753463745
1490165987.339684010 0.398680478 0.685437918 -0.609285474 -54.431777954 -0.006861365 0.666579187 0.745402694 15.341449738 0.917064190 -0.292997003 0.270455092 68.039009094
1490165987.443699121 0.339791477 0.534193933 -0.774066269 -56.316028595 0.007808257 0.821405590 0.570290983 15.713865280 0.940468311 -0.199824139 0.274935484 68.534774780
1490165987.547947645 0.427608728 0.531234860 -0.731396079 -55.967273712 -0.007309500 0.811104298 0.584855855 15.618503571 0.903934300 -0.244743332 0.350718468 68.935180664
1490165987.626150608 0.428534716 0.528707802 -0.732684076 -56.739086151 -0.004694223 0.812208951 0.583347619 16.238378525 0.903513134 -0.246545345 0.350541651 69.350433350
1490165987.730028868 0.404166996 0.510893166 -0.758707643 -57.516326904 -0.026389115 0.835641503 0.548640847 16.704286575 0.914304614 -0.201720849 0.351220697 69.749176025
1490165987.808197260 0.404856086 0.509926021 -0.758990824 -58.282905579 -0.024484137 0.835808158 0.548475385 17.254243851 0.914052606 -0.203470334 0.350867122 70.147399902
1490165987.862720251 0.307859629 0.514696181 -0.800194025 -61.946880341 0.019558445 0.837440729 0.546178341 19.517593384 0.951230705 -0.183796838 0.247747540 70.428833008
1490165987.939373732 0.308056056 0.514859438 -0.800013363 -62.791526794 0.020422606 0.837135553 0.546613991 20.092775345 0.951148868 -0.184726089 0.247369900 70.719291687
1490165987.964443684 0.296041429 0.513938010 -0.805125535 -62.324218750 0.009336803 0.841311574 0.540469885 19.758596420 0.955129385 -0.167518795 0.244264483 70.629653931
1490165988.120502949 0.344350159 0.513623297 -0.785884142 -61.032997131 -0.033930860 0.843340635 0.536307037 18.832767487 0.938227773 -0.158011734 0.307832241 70.926918030
1490165988.198669910 0.368853539 0.513698220 -0.774636209 -61.418453217 -0.057695948 0.844448030 0.532521069 19.145015717 0.927695096 -0.151728928 0.341115892 71.481483459
1490165988.302734852 0.368582577 0.520821929 -0.769994617 -62.446022034 -0.071531795 0.841746151 0.535113633 19.858335495 0.926838756 -0.142154455 0.347508341 71.946426392
1490165988.380822659 0.331990689 0.525420547 -0.783399880 -64.893249512 -0.056782570 0.840129495 0.539405346 21.427507401 0.941571891 -0.134594128 0.308749944 72.189712524
1490165988.458834887 0.340364367 0.524794400 -0.780219793 -65.307693481 -0.064484671 0.840835929 0.537435234 21.757183075 0.938079774 -0.132611617 0.320031852 72.635192871
1490165988.562976360 0.292656958 0.521011353 -0.801809847 -68.300094604 -0.025327660 0.842451930 0.538175821 23.715461731 0.955881834 -0.137192965 0.259745389 73.159347534
1490165988.615056992 0.329668641 0.525211036 -0.784520090 -67.297088623 -0.065408647 0.841683805 0.535994351 23.127552032 0.941828132 -0.125386193 0.311830103 73.361740112
1490165988.666924238 0.329342276 0.524313867 -0.785256922 -67.853538513 -0.066674672 0.842492461 0.534566045 23.503696442 0.941853583 -0.123698503 0.312426865 73.594070435
1490165988.771331549 0.398657829 0.527737260 -0.750043511 -66.558982849 -0.119644694 0.840781450 0.527988493 22.789627075 0.909261823 -0.120748028 0.398325056 73.990333557
1490165988.927436113 0.336180121 0.512628794 -0.790059865 -70.983238220 -0.059739247 0.848802626 0.525324106 25.633071899 0.939901054 -0.129405946 0.315974712 74.846443176
1490165989.005683661 0.319993913 0.514006972 -0.795864761 -72.014801025 -0.056710474 0.848919630 0.525470674 26.304607391 0.945720732 -0.123013556 0.300798833 75.255218506
1490165989.083559036 0.320665598 0.513966024 -0.795620739 -72.857971191 -0.057468429 0.848987579 0.525278568 26.846735001 0.945447445 -0.122715704 0.301777929 75.587425232
1490165989.135692596 0.381894320 0.487098396 -0.785424650 -73.382431030 -0.034905374 0.856832743 0.514411747 27.303703308 0.923546731 -0.169035345 0.344221801 76.174407959
1490165989.213638783 0.381367058 0.485512316 -0.786661863 -74.195381165 -0.034967709 0.857943058 0.512553513 27.838401794 0.923762083 -0.167963266 0.344168484 76.559364319
1490165989.291980743 0.595864832 0.512080371 -0.618642688 -70.968421936 -0.237071350 0.848164618 0.473723799 26.251617432 0.767295241 -0.135612965 0.626791000 78.112205505
1490165989.369961023 0.596253872 0.511400759 -0.618829966 -71.634658813 -0.236487657 0.848528624 0.473363400 26.743640900 0.767173290 -0.135899127 0.626878381 78.806022644
1490165989.422055244 0.728407860 0.515881896 -0.450874507 -69.238624573 -0.335205913 0.842266798 0.422165364 25.342433929 0.597544074 -0.156372741 0.786440492 78.489913940
1490165989.500357866 0.582473457 0.426058978 -0.692241430 -74.605766296 -0.060155738 0.871882200 0.486006856 28.640644073 0.810620725 -0.241443813 0.533478320 79.376121521
1490165989.578052282 0.582959652 0.427108437 -0.691184819 -75.359733582 -0.060582496 0.871169269 0.487230867 29.161531448 0.810239434 -0.242162228 0.533731878 79.966926575
1490165989.630345106 0.582844019 0.421368659 -0.694795907 -75.704963684 -0.042780589 0.869771123 0.491597503 29.453578949 0.811457098 -0.256800890 0.524967253 80.148910522
1490165989.734294415 0.583712935 0.420639277 -0.694508314 -76.602508545 -0.039043091 0.868899167 0.493447155 30.077457428 0.811020851 -0.260915756 0.523610771 80.887916565
1490165989.786287546 0.726584196 0.441451252 -0.526494265 -74.044181824 -0.202222809 0.869739354 0.450176984 28.840425491 0.656643987 -0.220622316 0.721210361 81.514617920
1490165989.864449024 0.727170467 0.439995170 -0.526903510 -74.573204041 -0.200171694 0.870123923 0.450350612 29.280164719 0.656623423 -0.222010523 0.720803082 82.263908386
1490165989.916483641 0.683723032 0.412741780 -0.601803243 -75.383789062 -0.110627308 0.873773396 0.473583877 29.871746063 0.721307456 -0.257224321 0.643079400 82.336952209
1490165989.994781017 0.684842169 0.410183996 -0.602279425 -75.961387634 -0.107282363 0.874270797 0.473435372 30.331743240 0.720750988 -0.259614527 0.642742753 83.002784729
1490165990.046692848 0.818365037 0.466992885 -0.334957093 -73.259971619 -0.347825557 0.866443753 0.358179480 28.944671631 0.457488775 -0.176614925 0.871499240 83.916336060
1490165990.124749660 0.819137633 0.464767128 -0.336162150 -73.578720093 -0.346443176 0.867964327 0.355830103 29.278648376 0.457154900 -0.175012738 0.871997654 84.787048340
1490165990.176667690 0.818882823 0.464789987 -0.336750835 -73.789955139 -0.346697718 0.868140161 0.355152607 29.500600815 0.457418263 -0.174077630 0.872046649 85.364227295
1490165990.254758596 0.818594277 0.464635104 -0.337664813 -74.076873779 -0.346959114 0.868517041 0.353974104 29.814289093 0.457736373 -0.172605306 0.872172356 86.149650574
1490165990.306953192 0.804199398 0.509656787 0.305799216 -70.503326416 -0.535784543 0.844352841 0.001790321 27.889392853 -0.257290065 -0.165282309 0.952094257 86.859580994
1490165990.385030985 0.802935243 0.511466682 0.306098938 -70.231964111 -0.537966907 0.842961907 0.002632492 27.865327835 -0.256683320 -0.166784883 0.951995969 87.677200317
1490165990.436935425 0.802387714 0.511721313 0.307107866 -70.044296265 -0.538610697 0.842548192 0.003336683 27.856533051 -0.257045805 -0.168088913 0.951668859 88.246276855
1490165990.489073277 0.802622497 0.511533201 0.306807190 -69.841018677 -0.538674116 0.842502058 0.004511725 27.842033386 -0.256177843 -0.168890312 0.951760948 88.771598816
1490165990.540837765 0.749710321 0.495841891 0.438263953 -70.803894043 -0.523544967 0.849477649 -0.065484740 28.462703705 -0.404765636 -0.180356309 0.896457672 88.814834595
1490165990.619077682 0.749242544 0.495690107 0.439234585 -70.442131042 -0.524232507 0.849161208 -0.064074107 28.385461807 -0.404741883 -0.182254001 0.896084547 89.544128418
1490165990.671203375 0.749154806 0.497248918 0.437619388 -70.145439148 -0.525205493 0.848488510 -0.065010436 28.349159241 -0.403641433 -0.181137204 0.896807134 90.093467712
1490165990.749290705 0.749960840 0.496737868 0.436818421 -69.779693604 -0.523952425 0.849178493 -0.066103868 28.276435852 -0.403773129 -0.179296762 0.897117496 90.827316284
1490165990.801311255 0.800725639 0.493356019 0.339762002 -69.580650330 -0.519544125 0.854292452 -0.016064446 28.276338577 -0.298181653 -0.163658142 0.940374196 91.798866272
1490165990.853441477 0.800523579 0.493930310 0.339403480 -69.399551392 -0.519935071 0.854045212 -0.016553784 28.252794266 -0.298042327 -0.163216129 0.940495193 92.283393860
1490165990.931427002 0.800701559 0.493740946 0.339259118 -69.118843079 -0.519805670 0.854130030 -0.016240546 28.217201233 -0.297790080 -0.163344994 0.940552771 93.038192749
1490165990.983446360 0.800829649 0.493030787 0.339988768 -68.936950684 -0.519281268 0.854454696 -0.015931781 28.198202133 -0.298359931 -0.163791195 0.940294445 93.536880493
1490165991.035528898 0.801632643 0.492204398 0.339293063 -68.736831665 -0.518149734 0.855134249 -0.016313780 28.186527252 -0.298170865 -0.162726954 0.940539241 94.043518066
1490165991.113975286 0.840375781 0.497170419 0.215847403 -68.953659058 -0.519116223 0.852814734 0.056792516 28.405965805 -0.155842274 -0.159776971 0.974774063 94.760589600
1490165991.165973186 0.840589643 0.496720105 0.216051355 -68.836174011 -0.518550277 0.853217900 0.055901527 28.418788910 -0.156571403 -0.159023777 0.974780381 95.252838135
1490165991.244355679 0.841026723 0.496655583 0.214492962 -68.691055298 -0.517699242 0.853944123 0.052602932 28.439514160 -0.157039449 -0.155283362 0.975307941 95.929954529
1490165991.296279192 0.841468215 0.496664941 0.212732464 -68.575775146 -0.517067373 0.854461551 0.050367545 28.451532364 -0.156755954 -0.152379751 0.975811362 96.386375427
1490165991.374305725 0.847618580 0.494505614 0.192372248 -68.485260010 -0.511628091 0.857791901 0.049292538 28.438762665 -0.140639991 -0.140204310 0.980083227 96.938461304
1490165991.426595688 0.849085450 0.492801577 0.190264851 -68.375663757 -0.509364724 0.859231293 0.047636706 28.443243027 -0.140006080 -0.137361825 0.980576396 97.342208862
1490165991.504648447 0.849512577 0.492209584 0.189890593 -68.266769409 -0.508483708 0.859840214 0.046035085 28.447772980 -0.140616685 -0.135663643 0.980725408 97.923217773
1490165991.556383610 0.848995864 0.493052512 0.190014392 -68.193405151 -0.509215653 0.859458029 0.045070495 28.451637268 -0.141087249 -0.135022968 0.980746210 98.337516785
1490165991.634873629 0.851457477 0.490936875 0.184393734 -68.061523438 -0.506286919 0.861192226 0.044962760 28.469129562 -0.136724621 -0.131640032 0.981823444 98.917968750
1490165991.686719179 0.850138485 0.492962688 0.185073525 -68.005020142 -0.508343875 0.860011101 0.044357240 28.471210480 -0.137298852 -0.131790802 0.981723011 99.248359680
1490165991.764874935 0.851200342 0.491487294 0.184114590 -67.878295898 -0.506540239 0.861140549 0.043058217 28.490661621 -0.137386084 -0.129912645 0.981961191 99.844108582
1490165991.817002773 0.850568593 0.492371649 0.184669673 -67.811889648 -0.507538378 0.860542297 0.043265022 28.480018616 -0.137613654 -0.130526856 0.981847823 100.162994385
1490165991.868814707 0.852201700 0.490314811 0.182602331 -67.687530518 -0.505249321 0.861863434 0.043755446 28.481445312 -0.135924399 -0.129548147 0.982212663 100.555374146
1490165991.946996450 0.851092458 0.491892874 0.183529064 -67.614875793 -0.506815910 0.860998452 0.042654056 28.484075546 -0.137037024 -0.129317999 0.982088327 100.991531372
1490165991.999030828 0.850947738 0.492612392 0.182266250 -67.544158936 -0.507045984 0.860977411 0.040278263 28.486509323 -0.137085542 -0.126692072 0.982423723 101.367805481
1490165992.051345587 0.851450324 0.492913067 0.179078564 -67.464462280 -0.506307781 0.861612976 0.035713475 28.484798431 -0.136692777 -0.121077105 0.983186364 101.666259766
1490165992.129342556 0.852251887 0.493720353 0.172936127 -67.356811523 -0.504797935 0.862898469 0.024196913 28.509941101 -0.137279809 -0.107919678 0.984635651 102.194381714
1490165992.181458712 0.854165077 0.495072931 0.159074768 -67.342941284 -0.504099488 0.863421798 0.019660290 28.511070251 -0.127615288 -0.096982650 0.987070739 102.490158081
1490165992.233448029 0.854575992 0.495358050 0.155950055 -67.292510986 -0.503386140 0.863944352 0.014234452 28.486959457 -0.127681047 -0.090667523 0.987662315 102.749603271
1490165992.311411142 0.854961336 0.495980412 0.151804522 -67.200942993 -0.502642334 0.864470422 0.006451576 28.495389938 -0.128030628 -0.081819236 0.988389432 103.247314453
1490165992.389905214 0.857076764 0.494214445 0.145505160 -67.128524780 -0.500195265 0.865896642 0.005271305 28.490299225 -0.123387277 -0.077298895 0.989343524 103.742340088
1490165992.415692568 0.857227027 0.493826926 0.145934820 -67.108413696 -0.499892890 0.866068542 0.005713074 28.479623795 -0.123568259 -0.077849180 0.989277720 103.814651489
1490165992.467914820 0.857823312 0.492436498 0.147124916 -67.059707642 -0.498868644 0.866640866 0.007989765 28.459997177 -0.123570077 -0.080249824 0.989085615 104.072074890
1490165992.493650198 0.859130144 0.490187317 0.147010192 -66.981147766 -0.496656358 0.867905319 0.008545773 28.481681824 -0.123401858 -0.080355495 0.989098012 104.355140686
1490165992.779950857 0.873720944 0.465905249 0.139799595 -66.795783997 -0.477083772 0.876844466 0.059454437 28.504554749 -0.094882354 -0.118642740 0.988393188 105.731887817
1490165992.806247711 0.873182833 0.464128643 0.148782685 -66.835922241 -0.477836281 0.875353873 0.073675878 28.408220291 -0.096042417 -0.135426298 0.986121476 105.939468384
1490165992.832304955 0.870100558 0.467773765 0.155282021 -66.885887146 -0.483233750 0.871644974 0.081975825 28.352142334 -0.097004622 -0.146364763 0.984463036 106.062469482
1490165992.988450766 0.867054880 0.463771850 0.182021171 -66.561798096 -0.482183725 0.873076558 0.072361723 28.484582901 -0.125359043 -0.150509208 0.980628312 106.758247375
1490165993.092711687 0.872339964 0.464366198 0.152928278 -66.479187012 -0.479348153 0.873906195 0.080705069 28.564258575 -0.096168205 -0.143708155 0.984936357 107.663154602
1490165993.144652128 0.872350276 0.464897275 0.151247144 -66.429229736 -0.479196519 0.874394417 0.076191060 28.573001862 -0.096828595 -0.138942420 0.985555291 107.987838745
1490165993.196614504 0.872115076 0.466551423 0.147462130 -66.376884460 -0.479773253 0.874558210 0.070465952 28.578079224 -0.096088216 -0.132202819 0.986554325 108.269264221
1490165993.275056601 0.871291399 0.469478458 0.142972589 -66.319847107 -0.481082559 0.874638319 0.059726883 28.607793808 -0.097008765 -0.120821156 0.987922788 108.735961914
1490165993.327041149 0.873070419 0.467554420 0.138350904 -66.241119385 -0.477765024 0.876996338 0.051167063 28.628854752 -0.097409837 -0.110771686 0.989060640 109.029052734
