0.000000000 0.999991119 -0.002507450 -0.003395458 -0.002200876 0.002499874 0.999994397 -0.002233635 -0.004364272 0.003401040 0.002225127 0.999991715 0.668378830
0.207339287 0.999936163 -0.000878334 -0.011264306 -0.027866932 0.000823674 0.999987841 -0.004856214 -0.017963154 0.011268436 0.004846626 0.999924779 2.053974150
0.310955763 0.999872208 0.000350012 -0.015984071 -0.056662511 -0.000446297 0.999981701 -0.006020607 -0.012852084 0.015981676 0.006026971 0.999854147 2.808820490
0.414694309 0.999796629 -0.000277988 -0.020160841 -0.077467054 0.000153382 0.999980807 -0.006181899 -0.021619910 0.020162178 0.006177551 0.999777555 3.551350590
0.518308878 0.999692082 0.001144046 -0.024789942 -0.097268760 -0.001333508 0.999969959 -0.007627534 -0.024589550 0.024780473 0.007658243 0.999663591 4.309301380
0.622061729 0.999563932 0.003843372 -0.029277554 -0.135113612 -0.004078448 0.999959886 -0.007973758 -0.038427543 0.029245729 0.008089685 0.999539495 5.067902570
0.725683928 0.999418914 0.004227935 -0.033822861 -0.162381977 -0.004446024 0.999969780 -0.006375383 -0.046266198 0.033794884 0.006522055 0.999407530 5.852218630
0.829410791 0.999259770 0.003398396 -0.038319878 -0.195337191 -0.003552031 0.999985933 -0.003941899 -0.051151350 0.038305938 0.004075092 0.999257743 6.657124520
0.933174133 0.999120653 0.003321298 -0.041794211 -0.230611324 -0.003359218 0.999993920 -0.000837094 -0.065674469 0.041791175 0.000976754 0.999125898 7.460196500
1.036761045 0.999008536 0.004828633 -0.044257976 -0.276427448 -0.004908438 0.999986470 -0.001694656 -0.072635338 0.044249188 0.001910213 0.999018669 8.272649770
1.140506029 0.998903751 0.003986260 -0.046641454 -0.319715410 -0.004080419 0.999989748 -0.001923725 -0.076972544 0.046633314 0.002111933 0.998909891 9.093862530
1.244243145 0.998827815 0.001009909 -0.048392717 -0.358029932 -0.001125631 0.999996543 -0.002364127 -0.084317692 0.048390169 0.002415829 0.998825669 9.927796360
1.347860098 0.998717606 0.000735952 -0.050620496 -0.399329066 -0.000815422 0.999998391 -0.001549284 -0.092516996 0.050619274 0.001588574 0.998716772 10.758613600
1.451476097 0.998647213 -0.000977922 -0.051986985 -0.447630465 0.000864863 0.999997139 -0.002197229 -0.096809954 0.051988985 0.002149296 0.998645365 11.609986300
1.555224180 0.998532414 0.001033075 -0.054147039 -0.493959129 -0.001262784 0.999990404 -0.004208275 -0.107506894 0.054142162 0.004270474 0.998524189 12.470049900
1.658833027 0.998445570 0.001449594 -0.055716764 -0.545660198 -0.001855285 0.999972224 -0.007230265 -0.111400090 0.055704728 0.007322396 0.998420477 13.343183500
1.762566090 0.998358905 0.005377979 -0.057013851 -0.614936829 -0.005876067 0.999945998 -0.008572214 -0.131632343 0.056964669 0.008893161 0.998336613 14.208777400
1.866187096 0.998290062 0.006310563 -0.058112606 -0.670038342 -0.006804704 0.999942303 -0.008309215 -0.143542230 0.058056816 0.008690442 0.998275518 15.093154000
1.969930172 0.998195171 0.005640999 -0.059787176 -0.716352403 -0.006035255 0.999961197 -0.006415814 -0.161682442 0.059748657 0.006765065 0.998190582 16.003246300
2.073544979 0.998145103 0.006482251 -0.060532447 -0.788132429 -0.006806958 0.999963462 -0.005159520 -0.170502514 0.060496785 0.005561990 0.998152912 16.903347000
2.177281141 0.998088777 0.006279685 -0.061476648 -0.851576209 -0.006592554 0.999966323 -0.004887740 -0.191325173 0.061443888 0.005283686 0.998096466 17.803516400
2.280903101 0.997982860 0.006269359 -0.063175544 -0.910238683 -0.006661514 0.999959826 -0.005998672 -0.200631261 0.063135400 0.006407417 0.997984350 18.712764700
2.488252163 0.997905254 0.015395441 -0.062833555 -1.024132850 -0.015687546 0.999868214 -0.004158121 -0.321046054 0.062761269 0.005135115 0.998015285 19.853822700
2.592096090 0.997878075 0.016366510 -0.063020006 -1.084196330 -0.016433710 0.999864757 -0.000548125 -0.333357334 0.063002519 0.001582614 0.998012066 20.779899600
2.695631027 0.997904122 0.017369127 -0.062335119 -1.143779040 -0.017195055 0.999846578 0.003327859 -0.345685780 0.062383357 -0.002249029 0.998049736 21.706321700
2.799348116 0.998035014 0.015880207 -0.060613155 -1.198161240 -0.015543631 0.999861062 0.006020372 -0.343823612 0.060700338 -0.005066394 0.998143196 22.647340800
2.903032064 0.998111546 0.016158251 -0.059264205 -1.255534050 -0.015811099 0.999854922 0.006322056 -0.342899859 0.059357762 -0.005373084 0.998222351 23.589576700
3.110321045 0.998268962 0.013101116 -0.057336286 -1.371762280 -0.013182850 0.999912560 -0.001047533 -0.340861678 0.057317548 0.001801576 0.998354375 25.522869100
3.317548990 0.998422086 0.009928863 -0.055268467 -1.483010650 -0.010093967 0.999945402 -0.002708965 -0.359881997 0.055238549 0.003262568 0.998467863 27.436208700
3.421189070 0.998402715 0.007532864 -0.055996135 -1.534065960 -0.007428335 0.999970257 0.002074641 -0.370620877 0.056010101 -0.001655369 0.998428762 28.414999000
3.524809122 0.998389244 0.003504750 -0.056627885 -1.590981360 -0.003201279 0.999980032 0.005448869 -0.375533640 0.056645848 -0.005258810 0.998380482 29.396595000
3.628520012 0.998285294 -0.004414660 -0.058370650 -1.636973620 0.004710307 0.999976695 0.004928361 -0.381641328 0.058347538 -0.005194853 0.998282731 30.373050700
3.732135057 0.998176515 -0.007424982 -0.059906498 -1.690132860 0.007487470 0.999971628 0.000818686 -0.372956425 0.059898715 -0.001265741 0.998203576 31.419527100
3.939371109 0.997964919 -0.005247666 -0.063549221 -1.801788810 0.005037812 0.999981344 -0.003462042 -0.407816499 0.063566200 0.003134847 0.997972727 33.232685100
4.043152094 0.997902691 -0.005320032 -0.064512625 -1.865954040 0.005181216 0.999983966 -0.002318888 -0.413568348 0.064523913 0.001979771 0.997914255 34.241931900
4.146723986 0.997858047 -0.001892386 -0.065388516 -1.942824130 0.001919557 0.999998093 0.000352709 -0.422245651 0.065387741 -0.000477471 0.997859836 35.278770400
4.250466108 0.997776031 -0.002174644 -0.066619143 -2.005678650 0.002309123 0.999995470 0.001941689 -0.438847125 0.066614635 -0.002091203 0.997776508 36.261146500
4.354204178 0.997704983 -0.000876753 -0.067705065 -2.074459790 0.001171813 0.999990046 0.004318428 -0.443050623 0.067700610 -0.004387855 0.997696042 37.234397900
4.457823038 0.997720122 -0.001151935 -0.067477442 -2.132798670 0.001679999 0.999968410 0.007769574 -0.455476195 0.067466341 -0.007865222 0.997690558 38.222370100
4.561557055 0.997682035 0.003877349 -0.067938022 -2.211824420 -0.003242530 0.999949992 0.009451880 -0.447402567 0.067971267 -0.009209679 0.997644782 39.202129400
4.665176153 0.997667193 0.003935840 -0.068152592 -2.284342290 -0.003336391 0.999954700 0.008907289 -0.451849699 0.068184577 -0.008659124 0.997635126 40.198429100
4.768795967 0.997670412 0.004268371 -0.068085693 -2.354156490 -0.003794643 0.999967635 0.007085633 -0.455944747 0.068113737 -0.006810766 0.997654319 41.198551200
4.872410059 0.997643113 0.006240793 -0.068332277 -2.426729200 -0.005937702 0.999971628 0.004637749 -0.457976431 0.068359263 -0.004221081 0.997651815 42.180015600
4.976173162 0.997578263 0.005725679 -0.069318034 -2.496168610 -0.005393077 0.999973059 0.004984384 -0.467660785 0.069344707 -0.004598475 0.997582078 43.177909900
5.079766989 0.997494936 0.003380252 -0.070656598 -2.562419180 -0.002944056 0.999975860 0.006276690 -0.474354088 0.070676126 -0.006052949 0.997480869 44.152568800
5.183381081 0.997436225 0.003432850 -0.071477637 -2.636913060 -0.002879079 0.999965072 0.007849054 -0.482782722 0.071502075 -0.007623143 0.997411311 45.130401600
5.287125111 0.997371614 0.007152354 -0.072101928 -2.696817160 -0.006879073 0.999968112 0.004037836 -0.500296772 0.072128519 -0.003531228 0.997389019 46.095443700
5.390737057 0.997318506 0.007400593 -0.072807439 -2.777807000 -0.007409746 0.999972522 0.000144402 -0.510171890 0.072806500 0.000395471 0.997345924 47.059505500
5.494497061 0.997256517 0.008429956 -0.073540591 -2.856877800 -0.008571004 0.999961972 -0.001602594 -0.512094796 0.073524281 0.002228514 0.997290909 48.015480000
5.598093033 0.997342348 0.007051639 -0.072515726 -2.943111420 -0.006883090 0.999972939 0.002573940 -0.528014541 0.072531909 -0.002067967 0.997363865 48.976928700
5.701835155 0.997329175 0.005280636 -0.072846763 -3.012588980 -0.004885641 0.999972403 0.005599398 -0.537891626 0.072874337 -0.005228539 0.997327447 49.941707600
5.805449009 0.997321963 0.003592356 -0.073048808 -3.085601090 -0.003146189 0.999975681 0.006221945 -0.546562314 0.073069401 -0.005975456 0.997309029 50.904476200
5.909185171 0.997296095 -0.000108788 -0.073488742 -3.147360800 0.000481397 0.999987006 0.005052599 -0.554960966 0.073487237 -0.005074313 0.997283161 51.856246900
6.012804985 0.997267902 -0.003068408 -0.073805891 -3.215647940 0.003364899 0.999986768 0.003893171 -0.561524093 0.073792972 -0.004130885 0.997265041 52.801170300
6.116542101 0.997193873 -0.004546062 -0.074724182 -3.290532590 0.004933925 0.999975324 0.005006824 -0.570764780 0.074699581 -0.005361458 0.997191727 53.749496500
6.220159054 0.997084916 -0.008601831 -0.075813442 -3.343461990 0.009333494 0.999913216 0.009301785 -0.572941184 0.075726852 -0.009982275 0.997078657 54.699607800
6.323923111 0.997057915 -0.008640223 -0.076163210 -3.422513010 0.009737108 0.999853849 0.014042182 -0.575368047 0.076030768 -0.014742477 0.996996403 55.632755300
6.427647114 0.997032940 -0.006924462 -0.076663099 -3.501542090 0.008195851 0.999833763 0.016281903 -0.575371087 0.076537624 -0.016861916 0.996924043 56.580944100
6.531255960 0.996933699 -0.005319098 -0.078070171 -3.579658750 0.006290377 0.999905705 0.012200460 -0.576186359 0.077997923 -0.012654137 0.996873200 57.510051700
6.635004997 0.996831775 -0.004579046 -0.079406150 -3.652233600 0.004961552 0.999976993 0.004620483 -0.578892231 0.079383187 -0.004999824 0.996831715 58.423175800
6.738614082 0.996809721 -0.002212205 -0.079782970 -3.748997210 0.002229462 0.999997497 0.000127215 -0.594779432 0.079782508 -0.000304682 0.996812165 59.326530500
6.842226982 0.996750772 0.003201834 -0.080482922 -3.836377860 -0.003150908 0.999994755 0.000759749 -0.603108466 0.080484934 -0.000503686 0.996755719 60.231220200
6.945969105 0.996593714 0.004967800 -0.082317524 -3.911001680 -0.004693348 0.999982715 0.003527230 -0.616477251 0.082333639 -0.003128871 0.996599913 61.134040800
7.049587011 0.996497154 0.007250002 -0.083313554 -3.989025120 -0.006865027 0.999964416 0.004906353 -0.625555515 0.083346158 -0.004317217 0.996511221 62.026660900
7.153198004 0.996392548 0.007877870 -0.084497996 -4.067188740 -0.007506023 0.999960780 0.004717443 -0.633743286 0.084531836 -0.004066180 0.996412396 62.891750300
7.256813049 0.996263683 0.009978221 -0.085785069 -4.150546550 -0.009563809 0.999940455 0.005240450 -0.639552474 0.085832260 -0.004400436 0.996299863 63.734542800
7.360431194 0.996105790 0.010759076 -0.087506369 -4.225693700 -0.010282677 0.999929726 0.005893124 -0.650461257 0.087563641 -0.004970375 0.996146441 64.577636700
7.464050055 0.995990276 0.009430612 -0.088961832 -4.285947800 -0.008860061 0.999937594 0.006806130 -0.659994841 0.089020468 -0.005990633 0.996011734 65.405693100
7.567660093 0.995866358 0.009109735 -0.090372540 -4.349494460 -0.008428344 0.999933124 0.007918574 -0.669874251 0.090438612 -0.007124151 0.995876551 66.192459100
7.671408176 0.995716333 0.011844481 -0.091698155 -4.431932450 -0.010920613 0.999884486 0.010570329 -0.672696233 0.091812745 -0.009523651 0.995730698 66.990028400
7.775017977 0.995608151 0.013617525 -0.092621885 -4.512956140 -0.012317502 0.999817789 0.014593062 -0.676272452 0.092803717 -0.013388106 0.995594323 67.786193800
7.878757000 0.995402992 0.016821071 -0.094286308 -4.594167710 -0.015349385 0.999749184 0.016312350 -0.678370953 0.094537064 -0.014790128 0.995411396 68.560531600
7.982375145 0.995248616 0.019482311 -0.095396988 -4.675184250 -0.018392704 0.999755383 0.012287958 -0.686598659 0.095613040 -0.010474968 0.995363355 69.302574200
8.086112976 0.995084643 0.019744266 -0.097038954 -4.743195530 -0.019343138 0.999800026 0.005072758 -0.697485030 0.097119726 -0.003170786 0.995267570 70.021713300
8.189733982 0.994934320 0.018936068 -0.098727003 -4.811037060 -0.019086331 0.999817729 -0.000577649 -0.707563341 0.098698065 0.002459058 0.995114326 70.727241500
8.293366194 0.994894326 0.019049853 -0.099107198 -4.887644770 -0.019337792 0.999811053 -0.001945437 -0.707247972 0.099051446 0.003852020 0.995074928 71.448951700
8.397111177 0.994767547 0.021922482 -0.099784590 -4.964870930 -0.021863766 0.999759555 0.001682085 -0.718023896 0.099797502 0.000508385 0.995007694 72.113708500
8.500702143 0.994658113 0.021743167 -0.100908190 -5.043467520 -0.021453293 0.999761999 0.003957021 -0.731363118 0.100970231 -0.001771069 0.994887888 72.765167200
8.604439020 0.994616508 0.018847914 -0.101895250 -5.108455660 -0.018866977 0.999821723 0.000776694 -0.742428958 0.101891726 0.001149943 0.994794846 73.396057100
8.708059072 0.994744778 0.010562333 -0.101840138 -5.163712500 -0.011074045 0.999928594 -0.004460611 -0.753705204 0.101785772 0.005564953 0.994790852 74.015846300
8.811666965 0.994841814 0.006753084 -0.101213232 -5.213050840 -0.007737226 0.999926567 -0.009334071 -0.762305200 0.101142757 0.010069033 0.994820952 74.619072000
8.915426016 0.995122313 0.009108016 -0.098226942 -5.273078440 -0.010080313 0.999904931 -0.009406718 -0.780052304 0.098131925 0.010350995 0.995119631 75.197433500
9.019154072 0.995466292 0.014131905 -0.094059244 -5.337944980 -0.014758902 0.999873221 -0.005973632 -0.797508538 0.093962893 0.007334760 0.995548606 75.764640800
9.122776031 0.995905578 0.012599235 -0.089517169 -5.387372970 -0.012938788 0.999911010 -0.003213860 -0.802114487 0.089468718 0.004358944 0.995980024 76.327034000
9.226511002 0.996487021 0.008816588 -0.083280958 -5.419474600 -0.008781431 0.999961078 0.000788432 -0.810730875 0.083284654 -0.000054337 0.996525884 76.884704600
9.330250025 0.997160852 0.004093844 -0.075189799 -5.449282650 -0.003782308 0.999983668 0.004285255 -0.823571324 0.075206101 -0.003988697 0.997160017 77.423027000
9.434013128 0.997864306 0.007601702 -0.064878359 -5.476109500 -0.007351387 0.999964595 0.004096074 -0.833561182 0.064907208 -0.003610380 0.997884750 77.926704400
9.537851095 0.998705447 0.013063837 -0.049160413 -5.512144090 -0.012904667 0.999910355 0.003553749 -0.840657830 0.049202427 -0.002914750 0.998784602 78.426086400
9.641606092 0.999355614 0.018196095 -0.030939864 -5.528326030 -0.018070541 0.999827325 0.004332763 -0.848088264 0.031013364 -0.003770871 0.999511778 78.914253200
9.745493174 0.999820113 0.016938562 -0.008542875 -5.523006920 -0.016897807 0.999845624 0.004820573 -0.852519393 0.008623213 -0.004675350 0.999951839 79.399459800
9.849323034 0.999761462 0.013306654 0.017318485 -5.480352400 -0.013404215 0.999894857 0.005529671 -0.858361721 -0.017243080 -0.005760494 0.999834657 79.889717100
9.953194141 0.998847783 0.012208002 0.046408996 -5.430473330 -0.012528420 0.999899566 0.006619693 -0.862151921 -0.046323523 -0.007193499 0.998900533 80.346229600
10.057094097 0.996760607 0.011482814 0.079600729 -5.375705720 -0.012224444 0.999886155 0.008835826 -0.878942549 -0.079490215 -0.009780278 0.996787608 80.794265700
10.160923958 0.993049204 0.010906330 0.117192656 -5.308624270 -0.012109562 0.999880910 0.009559977 -0.888906777 -0.117074437 -0.010912681 0.993063152 81.214683500
10.264934063 0.987193882 0.010457065 0.159181386 -5.222476010 -0.012094150 0.999883354 0.009319092 -0.896793365 -0.159065366 -0.011124916 0.987205386 81.640960700
10.368904114 0.978849590 0.010231708 0.204324812 -5.106693270 -0.012350347 0.999882281 0.009096446 -0.900946081 -0.204207718 -0.011427537 0.978860855 82.057167100
10.472894192 0.967343330 0.012457500 0.253163069 -4.969875340 -0.014713761 0.999867082 0.007020823 -0.909625828 -0.253041983 -0.010516529 0.967398167 82.461860700
10.576884031 0.951806784 0.014034857 0.306376815 -4.827772140 -0.016011745 0.999864101 0.003940044 -0.914743781 -0.306279868 -0.008655790 0.951902151 82.858924900
10.785014153 0.907860339 0.013887103 0.419042468 -4.453153610 -0.015217524 0.999884188 -0.000167307 -0.927702665 -0.418996334 -0.006224900 0.907966614 83.560508700
10.888983965 0.881522179 0.020831848 0.471682757 -3.552894590 -0.002513913 0.999219000 -0.039432242 -0.507352829 -0.472135931 0.033574633 0.880886197 84.417564400
10.992854118 0.848369241 0.019721152 0.529037476 -3.312824250 0.002353186 0.999155581 -0.041019533 -0.523163795 -0.529399812 0.036044642 0.847606540 84.720764200
11.096834183 0.811422467 0.019109502 0.584147513 -3.063144680 0.005708145 0.999158561 -0.040614978 -0.554779530 -0.584432125 0.036290299 0.810630679 85.013809200
11.200574160 0.771810651 0.017701022 0.635606050 -2.786041260 0.008843591 0.999216974 -0.038565930 -0.577590346 -0.635790944 0.035386637 0.771049678 85.283706700
11.304444075 0.729547083 0.017831152 0.683698118 -2.494770050 0.009240412 0.999311805 -0.035922580 -0.589402914 -0.683868170 0.032524858 0.728880227 85.529251100
11.408184052 0.685433447 0.016455248 0.727949321 -2.192111970 0.013051601 0.999306381 -0.034878574 -0.601747274 -0.728018284 0.033407845 0.684743166 85.740379300
11.511794090 0.639899313 0.014713446 0.768317878 -1.866775510 0.017710269 0.999268770 -0.033886325 -0.628271937 -0.768254638 0.035290949 0.639170825 85.937133800
11.615534067 0.593068480 0.011450441 0.805070639 -1.530830380 0.026288990 0.999090374 -0.033576176 -0.642262697 -0.804722726 0.041077461 0.592227936 86.133453400
11.719034195 0.548599243 0.013296204 0.835979700 -1.192245480 0.025729168 0.999131560 -0.032775491 -0.665323019 -0.835689545 0.039489672 0.547780573 86.276397700
11.822643995 0.502098739 0.016047766 0.864661455 -0.852951050 0.024288032 0.999171734 -0.032647997 -0.675702572 -0.864469230 0.037393440 0.501293004 86.428039600
11.926264048 0.456376404 0.017974041 0.889605284 -0.511978149 0.024130208 0.999178231 -0.032566946 -0.698445678 -0.889459610 0.036329135 0.455567569 86.571647600
12.029874086 0.414036691 0.015906256 0.910121202 -0.149490356 0.031752542 0.998986423 -0.031904377 -0.709933877 -0.909706235 0.042108245 0.413111985 86.698066700
12.133363962 0.373727828 0.006781959 0.927513659 0.147373199 0.047468256 0.998523176 -0.026427805 -0.735346973 -0.926322937 0.053904265 0.372853875 86.742622400
12.236864090 0.338535815 0.002996063 0.940948725 0.516427994 0.052349381 0.998386264 -0.022013284 -0.744772613 -0.939496160 0.056710377 0.337832659 86.836532600
12.340373993 0.305453539 0.007345646 0.952178717 0.884160995 0.050222781 0.998454094 -0.023813827 -0.757106602 -0.950881541 0.055095084 0.304612428 86.935356100
12.443933964 0.274193972 0.014657918 0.961562693 1.246728900 0.040113404 0.998839319 -0.026664682 -0.777797997 -0.960837424 0.045882858 0.273287773 87.039489700
12.547334194 0.245270342 0.018399194 0.969280183 1.635505680 0.035541046 0.998977125 -0.027956355 -0.808891058 -0.968803048 0.041306093 0.244365543 87.133087200
12.650954008 0.218809471 0.021226965 0.975536704 2.033645630 0.037885871 0.998824656 -0.030231364 -0.814425707 -0.975031853 0.043573964 0.217748135 87.215896600
12.754323959 0.195129067 0.024665484 0.980467498 2.403820040 0.044630796 0.998424888 -0.033999491 -0.816412747 -0.979761660 0.050393324 0.193720862 87.241752600
12.857933998 0.175225243 0.030703351 0.984049499 2.814733510 0.051788889 0.997842431 -0.040355511 -0.823562443 -0.983165264 0.058034137 0.173257068 87.285148600
12.961464167 0.155435801 0.038235288 0.987105906 3.241529460 0.054709956 0.997383773 -0.047248371 -0.821351647 -0.986329854 0.061348598 0.152937293 87.342514000
13.065034151 0.137526691 0.038492948 0.989749908 3.678635600 0.052707862 0.997544408 -0.046119891 -0.842494309 -0.989094734 0.058510307 0.135160074 87.399833700
13.272144079 0.108071350 0.031232076 0.993652344 4.596356390 0.050984621 0.998016894 -0.036914442 -0.893017650 -0.992834926 0.054650389 0.106264681 87.484893800
13.375764132 0.094588466 0.029267602 0.995086133 5.065887450 0.052411091 0.998035192 -0.034336299 -0.911300302 -0.994135916 0.055401377 0.092868671 87.508354200
13.479374170 0.082772933 0.028261945 0.996167660 5.560521600 0.056234192 0.997872651 -0.032982901 -0.933034301 -0.994980633 0.058748770 0.081007570 87.540115400
13.582983971 0.072558291 0.029186232 0.996937037 6.073151110 0.059300732 0.997677088 -0.033523876 -0.952437997 -0.995599687 0.061551522 0.070658982 87.570953400
13.686604023 0.064760931 0.029745737 0.997457385 6.604270460 0.061713561 0.997522950 -0.033754505 -0.968349934 -0.995990694 0.063742638 0.062764801 87.599662800
13.790214062 0.059279744 0.030276269 0.997782171 7.142009740 0.063264713 0.997416556 -0.034023825 -0.992650926 -0.996234596 0.065141343 0.057211191 87.622528100
13.893934011 0.053692564 0.031212253 0.998069644 7.704485420 0.064832263 0.997293472 -0.034675725 -1.014405610 -0.996450603 0.066568948 0.051523693 87.647522000
14.101184130 0.043143652 0.031870231 0.998560429 8.748645780 0.066045336 0.997213662 -0.034680799 -1.059099910 -0.996883452 0.067446508 0.040918563 87.684928900
14.204804182 0.040608976 0.031924743 0.998664916 9.460726740 0.068423785 0.997054219 -0.034655586 -1.081911440 -0.996829391 0.069739759 0.038304947 87.699348400
14.308534145 0.037755985 0.031363070 0.998794615 10.098465000 0.069748983 0.996986866 -0.033942938 -1.108216520 -0.996849775 0.070946463 0.035454672 87.716621400
14.412153959 0.035361681 0.030706355 0.998902738 10.759599700 0.071950913 0.996855795 -0.033190534 -1.132198330 -0.996781111 0.073045634 0.033041146 87.737442000
14.515944004 0.034632817 0.030096212 0.998946846 11.454822500 0.076806761 0.996510088 -0.032685634 -1.157292600 -0.996444404 0.077857867 0.032200351 87.755127000
14.619524002 0.035651639 0.029627638 0.998925030 12.147504800 0.080236815 0.996248722 -0.032411911 -1.183918950 -0.996138155 0.081306100 0.033140670 87.774200400
14.723124027 0.038166135 0.029543903 0.998834491 12.852648700 0.081728801 0.996121764 -0.032586578 -1.208727600 -0.995923579 0.082877256 0.035603534 87.797103900
14.826744080 0.041972760 0.029493241 0.998683393 13.571867000 0.084028177 0.995918632 -0.032943141 -1.232232330 -0.995579004 0.085300244 0.039323196 87.826721200
14.930364132 0.046549432 0.028958540 0.998496175 14.316178300 0.084498741 0.995882809 -0.032822043 -1.260644670 -0.995335698 0.085899495 0.043910816 87.858352700
15.034104109 0.050214376 0.027217517 0.998367548 15.075297400 0.085632883 0.995830059 -0.031455375 -1.290521620 -0.995060563 0.087072589 0.047674272 87.903106700
15.137714148 0.054055944 0.025438566 0.998213828 15.827526100 0.085098557 0.995921135 -0.029988453 -1.324115750 -0.994905114 0.086567611 0.051670674 87.947288500
15.241343975 0.058158029 0.023329716 0.998034775 16.604614300 0.082046173 0.996233165 -0.028068643 -1.352035640 -0.994930208 0.083517373 0.056024849 88.000656100
15.345074177 0.062295586 0.022299662 0.997808516 17.391565300 0.081616975 0.996288121 -0.027361225 -1.377177720 -0.994714975 0.083142601 0.060244329 88.046867400
15.448814154 0.066362366 0.023647301 0.997515321 18.205013300 0.078921281 0.996462643 -0.028872792 -1.403518200 -0.994669676 0.080641247 0.064261332 88.115219100
15.552433968 0.068958938 0.027773809 0.997232735 19.005363500 0.076489769 0.996522665 -0.033043318 -1.439058300 -0.994682968 0.078556724 0.066594727 88.181648300
15.656164169 0.070736989 0.032816641 0.996954978 19.797996500 0.071040861 0.996755004 -0.037850615 -1.474738240 -0.994962037 0.073501989 0.068176128 88.233978300
15.759904146 0.070669912 0.036050879 0.996848106 20.599653200 0.068427816 0.996817291 -0.040900841 -1.508497600 -0.995149851 0.071102604 0.067978099 88.289772000
15.863654137 0.070645817 0.035830528 0.996857822 21.413156500 0.066059910 0.996992648 -0.040516943 -1.544937010 -0.995311439 0.068714693 0.068066418 88.358467100
15.967283964 0.070472583 0.034025274 0.996933162 22.220264400 0.063180424 0.997259200 -0.038502578 -1.586561080 -0.995510876 0.065700054 0.068129681 88.421562200
16.071004152 0.070608586 0.032642238 0.996969819 23.050163300 0.063919798 0.997262239 -0.037178814 -1.630473260 -0.995454013 0.066351250 0.068328775 88.476554900
16.174714088 0.070862502 0.031229802 0.996997118 23.852407500 0.061397262 0.997478008 -0.035608735 -1.683885930 -0.995594740 0.063736215 0.068766348 88.540870700
16.278354168 0.070885554 0.031797405 0.996977508 24.671722400 0.059698209 0.997564912 -0.036060710 -1.721677420 -0.995696425 0.062073953 0.068814687 88.607635500
16.381973982 0.070834331 0.032353483 0.996963263 25.484886200 0.056783166 0.997722328 -0.036412571 -1.761884810 -0.995870531 0.059189990 0.068835847 88.672714200
16.485594034 0.069618784 0.033992566 0.996994317 26.289772000 0.053266890 0.997866809 -0.037741873 -1.800846220 -0.996150494 0.055734336 0.067659587 88.729972800
16.589354038 0.066617698 0.033539344 0.997214735 27.090478900 0.050188459 0.998057127 -0.036920454 -1.842645410 -0.996515512 0.052508227 0.064804979 88.783187900
16.692944050 0.063127220 0.032237932 0.997484744 27.902542100 0.047850348 0.998230875 -0.035290331 -1.882482170 -0.996857762 0.049957775 0.061472937 88.835044900
16.796694040 0.057791959 0.029863799 0.997881889 28.739311200 0.046108909 0.998406053 -0.032549865 -1.919779900 -0.997263372 0.047892366 0.056322854 88.896522500
16.900454044 0.051546454 0.027751584 0.998284876 29.546625100 0.044058926 0.998577356 -0.030034697 -1.957562330 -0.997698247 0.045531545 0.050250422 88.939239500
17.004163980 0.043976061 0.027958700 0.998641372 30.350500100 0.043852109 0.998590887 -0.029888354 -1.992822290 -0.998069763 0.045106899 0.042688049 88.975494400
17.107913971 0.035691075 0.029068477 0.998940051 31.162206600 0.043500278 0.998584270 -0.030612346 -2.028037550 -0.998415649 0.044546757 0.034376055 88.998939500
17.211654186 0.025628764 0.029331468 0.999241114 31.957346000 0.043915577 0.998571455 -0.030438166 -2.063540460 -0.998706460 0.044662349 0.024304044 89.016273500
17.315414190 0.015627326 0.028379107 0.999475062 32.762519800 0.045737907 0.998530507 -0.029067427 -2.099034790 -0.998831153 0.046168148 0.014306363 89.026458700
17.419134140 0.004718727 0.027345609 0.999614835 33.557663000 0.044766434 0.998618126 -0.027529661 -2.133562800 -0.998986363 0.044879094 0.003488039 89.031242400
17.522744179 -0.006067574 0.026681770 0.999625623 34.341888400 0.046305683 0.998579204 -0.026372768 -2.165114400 -0.998908937 0.046128321 -0.007294470 89.025611900
17.626484156 -0.017209357 0.027220773 0.999481440 35.123554200 0.046238180 0.998581529 -0.026400125 -2.194132570 -0.998782218 0.045759868 -0.018443586 89.012580900
17.833724022 -0.038472343 0.028675357 0.998848140 36.660167700 0.046156831 0.998572230 -0.026889622 -2.260999920 -0.998193085 0.045069158 -0.039740976 88.947837800
17.937463999 -0.048976313 0.029867083 0.998353362 37.433620500 0.046874907 0.998520076 -0.027572527 -2.290335180 -0.997699440 0.045447316 -0.050303854 88.906440700
18.041084051 -0.058293581 0.030470047 0.997834444 38.190120700 0.048362717 0.998446703 -0.027663389 -2.324685810 -0.997127354 0.046645392 -0.059676647 88.854927100
18.248434067 -0.077563606 0.031290948 0.996496260 39.668113700 0.049847558 0.998378992 -0.027470125 -2.384094720 -0.995740414 0.047542229 -0.078997664 88.759712200
18.455834150 -0.093933254 0.029837383 0.995131254 41.136360200 0.052110124 0.998328030 -0.025014410 -2.440361980 -0.994213760 0.049506728 -0.095331028 88.623893700
18.559524059 -0.099031202 0.028282946 0.994682252 41.858825700 0.055875242 0.998176932 -0.022819342 -2.470067500 -0.993514359 0.053318288 -0.100430973 88.543724100
18.663144112 -0.102315538 0.026687499 0.994393945 42.565506000 0.059141628 0.998034835 -0.020700000 -2.495172980 -0.992992401 0.056692146 -0.103692800 88.456665000
18.766754150 -0.105289117 0.025281452 0.994120240 43.273143800 0.060560741 0.997984290 -0.018965620 -2.524413590 -0.992595911 0.058207788 -0.106607951 88.385322600
18.870373964 -0.106403381 0.024462024 0.994022012 43.941207900 0.060761735 0.997988939 -0.018055510 -2.548828840 -0.992464840 0.058477338 -0.107675761 88.293281600
18.973984003 -0.107756257 0.025060793 0.993861437 44.601234400 0.061517056 0.997934818 -0.018493708 -2.571070670 -0.992272258 0.059146617 -0.109075375 88.237854000
19.077674150 -0.106461897 0.025776751 0.993982673 45.256294300 0.062384304 0.997867644 -0.019195741 -2.598297830 -0.992357850 0.059965298 -0.107842952 88.163986200
19.181284189 -0.103495002 0.027803838 0.994241238 45.877601600 0.062962703 0.997787595 -0.021348936 -2.613381150 -0.992635131 0.060390614 -0.105016626 88.096969600
19.284944057 -0.098671086 0.027782656 0.994732201 46.477970100 0.062134434 0.997831821 -0.021705885 -2.647906300 -0.993178427 0.059665371 -0.100183398 88.043006900
19.388504028 -0.090877488 0.028528297 0.995453298 47.069915800 0.061365847 0.997850358 -0.022994751 -2.672567610 -0.993969560 0.058997136 -0.092432797 87.991569500
19.492063999 -0.078912966 0.028741410 0.996467113 47.645912200 0.061094001 0.997844815 -0.023942945 -2.694783690 -0.995007694 0.058988754 -0.080498822 87.937408400
19.595674038 -0.065207608 0.029075943 0.997448087 48.202503200 0.060417127 0.997856617 -0.025138117 -2.719878200 -0.996041179 0.058623746 -0.066824518 87.908989000
19.699174166 -0.048047498 0.029829731 0.998399556 48.743228900 0.059268810 0.997877896 -0.026961869 -2.748919960 -0.997085154 0.057878502 -0.049713507 87.890792800
19.906284094 -0.002004057 0.035169952 0.999379277 49.752185800 0.054973241 0.997873962 -0.035006739 -2.806797980 -0.998485863 0.054868959 -0.003933191 87.894447300
20.009764194 0.027019553 0.036919508 0.998952925 50.266422300 0.052705709 0.997875214 -0.038305257 -2.830001350 -0.998244524 0.053685516 0.025016271 87.917717000
20.113404036 0.060305644 0.036670148 0.997506082 50.782226600 0.050472237 0.997934639 -0.039737266 -2.852103710 -0.996903121 0.052742749 0.058330271 87.966728200
20.216874123 0.098747179 0.034512233 0.994513869 51.280685400 0.048951350 0.998020113 -0.039494373 -2.877279040 -0.993907928 0.052582752 0.096862242 88.032516500
20.320363998 0.140194267 0.030769274 0.989645839 51.780902900 0.046584431 0.998205185 -0.037634607 -2.903480770 -0.989027560 0.051378239 0.138509288 88.135101300
20.423734188 0.185298756 0.026638031 0.982321143 52.268631000 0.043414097 0.998434722 -0.035264350 -2.932755710 -0.981722713 0.049181018 0.183852226 88.252944900
20.527224064 0.233601019 0.023724688 0.972043037 52.745586400 0.038293801 0.998702228 -0.033578109 -2.955850840 -0.971578181 0.045067102 0.232389331 88.401039100
20.630704165 0.284657240 0.021502839 0.958388150 53.199989300 0.033064589 0.998933315 -0.032233261 -2.992463830 -0.958058953 0.040864132 0.283642620 88.569732700
20.734224081 0.339127511 0.021735193 0.940489292 53.638649000 0.031042336 0.998930097 -0.034279227 -3.013219590 -0.940228105 0.040820014 0.338090032 88.761116000
20.837774038 0.397536129 0.022921454 0.917300165 54.075302100 0.031682402 0.998748958 -0.038687095 -3.031633850 -0.917039335 0.044441801 0.396312654 88.975227400
20.941284180 0.457232803 0.025268100 0.888988018 54.563842800 0.031297103 0.998520017 -0.044478409 -3.067267180 -0.888796270 0.048159741 0.455765307 89.217002900
21.148164034 0.576620698 0.032793112 0.816353619 55.305236800 0.024052987 0.998079658 -0.057082605 -3.127576110 -0.816657841 0.052550755 0.574724615 89.744766200
21.251703978 0.632775009 0.036037661 0.773496687 55.651268000 0.018332789 0.997939110 -0.061492089 -3.149071930 -0.774118662 0.053091012 0.630810261 90.066009500
21.355264187 0.682609558 0.037637636 0.729813337 55.954101600 0.014493422 0.997779131 -0.065013036 -3.175349240 -0.730639577 0.054956011 0.680548131 90.431045500
21.458984137 0.731016636 0.035610247 0.681429863 56.243877400 0.012645766 0.997758806 -0.065706983 -3.202349900 -0.682242632 0.056650102 0.728927910 90.793861400
21.562623978 0.773684442 0.033331651 0.632693589 56.459560400 0.008422421 0.997985780 -0.062875323 -3.219580650 -0.633515000 0.053974468 0.771845400 91.175109900
21.666364193 0.816053271 0.029653797 0.577215433 56.725486800 0.004512751 0.998325646 -0.057667885 -3.241652490 -0.577959001 0.049664896 0.814553082 91.570846600
21.770214081 0.852001071 0.028177768 0.522781134 56.937210100 -0.000945983 0.998631775 -0.052284285 -3.265280010 -0.523538947 0.044051737 0.850862086 92.004501300
21.873974085 0.882796049 0.023722306 0.469157100 57.125282300 -0.003109193 0.998997271 -0.044662517 -3.300501350 -0.469746172 0.037969202 0.881984532 92.439529400
21.977704048 0.908160090 0.024070725 0.417930424 57.284790000 -0.008378673 0.999190688 -0.039341636 -3.330304380 -0.418539077 0.032226808 0.907626748 92.871444700
22.081573963 0.927647352 0.026880961 0.372488707 57.409599300 -0.014879144 0.999274492 -0.035058409 -3.366866590 -0.373160869 0.026979523 0.927374303 93.305580100
22.185434103 0.942967594 0.032113303 0.331332028 57.511863700 -0.022415405 0.999202192 -0.033050492 -3.384545560 -0.332129061 0.023738595 0.942935228 93.729446400
22.289434195 0.954209089 0.036812253 0.296866536 57.608562500 -0.027977405 0.999031663 -0.033955701 -3.406409740 -0.297829032 0.024095280 0.954315126 94.183113100
22.393424034 0.963249266 0.039578352 0.265677005 57.719360400 -0.031693339 0.998922348 -0.033902500 -3.423758980 -0.266732544 0.024236361 0.963465810 94.646865800
22.497554064 0.969273627 0.034410573 0.243566364 57.825912500 -0.026818495 0.999047518 -0.034419104 -3.437727450 -0.244518787 0.026829440 0.969273388 95.119400000
22.601773977 0.972867906 0.031332213 0.229229808 57.908348100 -0.024459545 0.999163687 -0.032762338 -3.472647190 -0.230064601 0.026266564 0.972820818 95.616272000
22.705904007 0.975705504 0.035280705 0.216226473 57.999588000 -0.028852072 0.999044895 -0.032816853 -3.498271940 -0.217177734 0.025780998 0.975791633 96.102035500
22.809924126 0.977478385 0.041267287 0.206961542 58.085922200 -0.035357084 0.998856604 -0.032176617 -3.516775610 -0.208052740 0.024134386 0.977819860 96.605445900
23.017984152 0.978775799 0.054441709 0.197571039 58.272289300 -0.047946185 0.998145103 -0.037516501 -3.555449250 -0.199247047 0.027247459 0.979570329 97.587318400
23.121973991 0.978902221 0.056110196 0.196474418 58.379394500 -0.049125724 0.997981369 -0.040247716 -3.582386490 -0.198336124 0.029746624 0.979682505 98.120147700
23.225964069 0.978622854 0.052755732 0.198781326 58.493225100 -0.044936717 0.998035908 -0.043646015 -3.604845050 -0.200693488 0.033780403 0.979071498 98.648567200
23.329864025 0.977842510 0.051586967 0.202885926 58.601371800 -0.042197503 0.997840285 -0.050338834 -3.632439610 -0.205044597 0.040662169 0.977907658 99.205093400
23.433824062 0.976956427 0.051052712 0.207243085 58.716278100 -0.040423457 0.997656286 -0.055206232 -3.653647420 -0.209575787 0.045556605 0.976730645 99.758941700
23.537693977 0.975613594 0.056894105 0.211993366 58.829460100 -0.046206400 0.997414649 -0.055036709 -3.685320850 -0.214576572 0.043899119 0.975720108 100.346558000
23.641453981 0.974321961 0.059324060 0.217203617 58.963790900 -0.049314514 0.997468889 -0.051222444 -3.716556070 -0.219692558 0.039195865 0.974781454 100.907051000
23.745254040 0.973414063 0.056323111 0.222020105 59.102432300 -0.047080774 0.997798443 -0.046707645 -3.749939920 -0.224162027 0.035012994 0.973922729 101.512207000
23.848914146 0.972969174 0.051046003 0.225223139 59.258789100 -0.042940896 0.998246551 -0.040743280 -3.787556170 -0.226907969 0.029970674 0.973454952 102.103729000
23.952684164 0.972194910 0.048468865 0.229102463 59.405128500 -0.041238140 0.998491645 -0.036246870 -3.817472930 -0.230513707 0.025791274 0.972727180 102.723000000
24.056274176 0.971684039 0.043994710 0.232152626 59.558246600 -0.036637261 0.998683155 -0.035911448 -3.843978400 -0.233426854 0.026389148 0.972016215 103.352333000
24.160223961 0.971753955 0.040418308 0.232509717 59.712932600 -0.032330003 0.998735726 -0.038494721 -3.885296820 -0.233771622 0.029890358 0.971831977 103.988533000
24.263534069 0.971959651 0.039571974 0.231794164 59.868629500 -0.029816378 0.998521924 -0.045441911 -3.917729620 -0.233249739 0.037256442 0.971702874 104.621674000
24.470824003 0.972718894 0.044455700 0.227687538 60.179077100 -0.032484714 0.997898877 -0.056058452 -3.975585460 -0.229701266 0.047132745 0.972119391 105.858040000
24.574364185 0.973237514 0.043458648 0.225654483 60.319198600 -0.032572400 0.998128891 -0.051745683 -4.014933590 -0.227481052 0.043010730 0.972832203 106.590187000
24.678094149 0.973692834 0.039488081 0.224417225 60.483375500 -0.030347589 0.998569071 -0.044035558 -4.057657720 -0.225834951 0.036066581 0.973497689 107.297012000
24.781733990 0.974218547 0.039452236 0.222130015 60.640205400 -0.031768527 0.998770416 -0.038059816 -4.102413180 -0.223358393 0.030021835 0.974273920 108.020599000
24.885394096 0.974494755 0.042806748 0.220289320 60.797927900 -0.035115525 0.998633146 -0.038714237 -4.139472010 -0.221645460 0.029991249 0.974665999 108.737106000
24.988934040 0.974741817 0.048846226 0.217927694 60.948020900 -0.040295206 0.998239875 -0.043513648 -4.171948430 -0.219669595 0.033633132 0.974994361 109.473595000
25.092584133 0.975465000 0.049955990 0.214411855 61.095504800 -0.040410083 0.997996628 -0.048678704 -4.208154680 -0.216414139 0.038819972 0.975529552 110.233383000
25.196164131 0.976386487 0.048437413 0.210530654 61.254772200 -0.038363181 0.997926712 -0.051677495 -4.248121260 -0.212597266 0.042380586 0.976220429 110.986183000
25.299904108 0.977256238 0.046448048 0.206912607 61.406108900 -0.036829647 0.998064935 -0.050099246 -4.294160840 -0.208839238 0.041339289 0.977075875 111.746826000
25.403514147 0.978236437 0.042363286 0.203122750 61.583374000 -0.033296287 0.998299360 -0.047850866 -4.335062030 -0.204804420 0.040046222 0.977983356 112.527618000
25.507143974 0.978576958 0.041143741 0.201728970 61.735504200 -0.032704476 0.998452008 -0.044992063 -4.379301070 -0.203267843 0.037430745 0.978407443 113.312096000
25.610893965 0.978858829 0.038541928 0.200873345 61.896194500 -0.030546471 0.998618603 -0.042753342 -4.418925290 -0.202243656 0.035713509 0.978683829 114.120041000
25.714483976 0.979065180 0.033755455 0.200728506 62.052299500 -0.025796998 0.998778939 -0.042133007 -4.451611040 -0.201905623 0.036072761 0.978740454 114.923737000
25.818243980 0.979179561 0.034406438 0.200058907 62.216171300 -0.026856715 0.998825431 -0.040330473 -4.495132920 -0.201211587 0.034117848 0.978953481 115.729530000
25.921944141 0.978994906 0.039766830 0.199968830 62.379310600 -0.031935614 0.998597026 -0.042237800 -4.539030080 -0.201367944 0.034964461 0.978891432 116.527748000
26.025494099 0.978664517 0.045264971 0.200416476 62.533371000 -0.036803465 0.998274863 -0.045747902 -4.577160360 -0.202141479 0.037395839 0.978642106 117.334633000
26.129254103 0.978130221 0.053224627 0.201068208 62.688911400 -0.044564456 0.997883379 -0.047357727 -4.620693680 -0.203163207 0.037361525 0.978431761 118.155457000
26.232814074 0.977102697 0.059623748 0.204242945 62.847625700 -0.051117804 0.997601390 -0.046676554 -4.667313580 -0.206536040 0.035167340 0.977806807 119.000412000
26.336604118 0.976255834 0.062492378 0.207410187 63.009128600 -0.054357037 0.997520566 -0.044699099 -4.714912890 -0.209689260 0.032363553 0.977232397 119.835281000
26.440314054 0.975732803 0.063324436 0.209607750 63.188007400 -0.055022813 0.997461140 -0.045208689 -4.769866940 -0.211938396 0.032578386 0.976739824 120.651260000
26.543934107 0.975436628 0.061430298 0.211541235 63.361923200 -0.052375909 0.997466087 -0.048147816 -4.811401840 -0.213962913 0.035885476 0.976182401 121.494400000
26.647524118 0.975506008 0.055677246 0.212810010 63.551307700 -0.046832826 0.997825325 -0.046381589 -4.867388730 -0.214929625 0.035279021 0.975992143 122.327553000
26.751144171 0.975834012 0.048576821 0.213044882 63.741565700 -0.039166428 0.998070717 -0.048173752 -4.915843490 -0.214973956 0.038665369 0.975854218 123.153175000
26.854763985 0.975613117 0.047729787 0.214244753 63.922599800 -0.038239796 0.998104155 -0.048225481 -4.967116360 -0.216140360 0.038856737 0.975588858 123.992004000
26.958494186 0.974906802 0.050626889 0.216780096 64.092842100 -0.041732654 0.998096168 -0.045414884 -5.016759870 -0.218666613 0.035228472 0.975163519 124.826668000
