1490165935.431081533 0.999999940 0.000000000 -0.000000000 0.000000000 0.000000000 0.999999940 0.000000000 -0.000000000 -0.000000000 0.000000000 1.000000000 -0.000000030
1490165935.471743822 0.999835551 0.002600481 0.017946471 0.029620025 -0.002633994 0.999994814 0.001843976 -0.005363863 -0.017941583 -0.001890943 0.999837279 0.344785899
1490165935.626699448 0.997614205 0.013740675 0.067654453 -0.152068809 -0.014002633 0.999896049 0.003399262 -0.008922628 -0.067600720 -0.004338493 0.997703016 0.438762039
1490165935.704839706 0.995902002 0.010013890 0.089882448 -0.060539663 -0.010287491 0.999943614 0.002581200 -0.049009021 -0.089851551 -0.003495287 0.995949030 0.786570609
1490165935.756998301 0.994631171 0.008076480 0.103166983 0.039994046 -0.008290740 0.999964237 0.001648185 -0.067097969 -0.103149995 -0.002494667 0.994662642 1.078285336
1490165935.809258461 0.993420899 0.004806123 0.114419393 0.088631973 -0.004954509 0.999987185 0.001012518 -0.098179437 -0.114413083 -0.001572749 0.993431985 1.183521152
1490165935.861037016 0.991999865 0.001884578 0.126224130 0.122711495 -0.001899858 0.999998033 0.000000662 -0.108273104 -0.126223892 -0.000240464 0.992001712 1.365562081
1490165935.913323402 0.990630984 -0.001539999 0.136556655 0.191472560 0.001766900 0.999997079 -0.001540399 -0.114931405 -0.136553898 0.001767249 0.990631044 1.630854130
1490165935.965289593 0.989124477 -0.002848637 0.147052556 0.273880601 0.003169911 0.999992967 -0.001950458 -0.142686471 -0.147046000 0.002395390 0.989126682 1.839240789
1490165936.017133713 0.987398565 -0.002328560 0.158236966 0.297078788 0.002839298 0.999991536 -0.003001689 -0.121794313 -0.158228651 0.003413144 0.987396598 2.183221340
1490165936.069465876 0.985892236 -0.002617277 0.167361662 0.357752442 0.003298498 0.999987364 -0.003792503 -0.113530494 -0.167349637 0.004291041 0.985888243 2.515014648
1490165936.121432781 0.984611869 -0.007213943 0.174606040 0.416747510 0.008077078 0.999958336 -0.004233221 -0.139587969 -0.174568251 0.005578386 0.984629273 2.655060530
1490165936.173438549 0.983461618 -0.007680662 0.180953845 0.390479267 0.008569822 0.999954760 -0.004132415 -0.171082884 -0.180913925 0.005614814 0.983482838 2.689110994
1490165936.225573301 0.982436180 -0.008367318 0.186411157 0.393476367 0.009324271 0.999947429 -0.004257389 -0.192423195 -0.186365724 0.005920761 0.982462585 2.765002728
1490165936.277787447 0.981580615 -0.007234311 0.190911576 0.425772488 0.008397207 0.999950707 -0.005282970 -0.145110965 -0.190863952 0.006788784 0.981593072 2.902341604
1490165936.329581738 0.980816662 -0.009057406 0.194722414 0.508580983 0.010280887 0.999933183 -0.005273459 -0.161835760 -0.194661647 0.007174215 0.980844200 3.120358229
1490165936.381843567 0.979912877 -0.008437576 0.199247152 0.524086356 0.009610268 0.999941707 -0.004919234 -0.174276739 -0.199193984 0.006735240 0.979936957 3.282578945
1490165936.433748960 0.979142666 -0.008299242 0.203004032 0.593309164 0.009400408 0.999945879 -0.004460748 -0.191562772 -0.202956021 0.006276030 0.979167819 3.565299511
1490165936.485544682 0.978419781 -0.009272296 0.206418946 0.698874474 0.010603273 0.999929428 -0.005342578 -0.169863001 -0.206354812 0.007416001 0.978449106 3.977732420
1490165936.537558794 0.977834940 -0.009636980 0.209155157 0.795922458 0.010960904 0.999926448 -0.005171666 -0.174088761 -0.209089950 0.007349564 0.977868676 4.332212448
1490165936.589913368 0.977520943 -0.009744178 0.210612580 0.857765853 0.011102628 0.999924481 -0.005268496 -0.166320756 -0.210545301 0.007488420 0.977555454 4.617880344
1490165936.615572929 0.977360487 -0.009639963 0.211360648 0.906391263 0.010890392 0.999929368 -0.004752804 -0.172212183 -0.211299926 0.006947003 0.977396607 4.791034222
1490165936.694225788 0.977023363 -0.012782773 0.212748006 0.994603574 0.013682921 0.999902487 -0.002759172 -0.183806598 -0.212692022 0.005606791 0.977103114 5.161541462
1490165936.746096373 0.976890385 -0.014365966 0.213257477 1.087299109 0.015103998 0.999884188 -0.001831792 -0.181797743 -0.213206485 0.005010500 0.976994336 5.499057770
1490165936.798111200 0.976633608 -0.014475726 0.214422584 1.166841626 0.015010074 0.999886930 -0.000863969 -0.182624474 -0.214385837 0.004062281 0.976740599 5.840835571
1490165936.875850677 0.976355493 -0.015855869 0.215588510 1.303099632 0.016135076 0.999869704 0.000464920 -0.183513016 -0.215567827 0.003024611 0.976484179 6.363698959
1490165936.928209543 0.976153493 -0.015637642 0.216517076 1.394143224 0.015923206 0.999873102 0.000425680 -0.177538723 -0.216496289 0.003032116 0.976278722 6.749352932
1490165936.980171680 0.976111770 -0.014861999 0.216759443 1.494415641 0.015226759 0.999884069 -0.000012658 -0.177264184 -0.216734082 0.003312898 0.976225078 7.113655567
1490165937.032173872 0.976005077 -0.015041688 0.217227355 1.597432375 0.015648756 0.999876976 -0.001074596 -0.174367994 -0.217184514 0.004448151 0.976120412 7.528842449
1490165937.084203482 0.975889862 -0.014564789 0.217776775 1.693429708 0.015488337 0.999876857 -0.002534340 -0.166990951 -0.217713013 0.005846239 0.975995302 7.935464859
1490165937.136355877 0.975753844 -0.016128710 0.218275577 1.814102054 0.017285259 0.999844849 -0.003389993 -0.175511315 -0.218187049 0.007080749 0.975881279 8.365327835
1490165937.188402891 0.975766420 -0.017562369 0.218108863 1.936619878 0.019210603 0.999800622 -0.005438530 -0.164020926 -0.217969894 0.009496740 0.975909233 8.746835709
1490165937.240292788 0.975415647 -0.017836498 0.219650075 1.976553679 0.019678315 0.999787092 -0.006200010 -0.162581295 -0.219492748 0.010369929 0.975558996 9.083189964
1490165937.292496681 0.975336194 -0.016826585 0.220082492 2.039301634 0.018974137 0.999790728 -0.007647576 -0.158154488 -0.219907776 0.011634832 0.975451231 9.363759041
1490165937.344504833 0.975435197 -0.019939663 0.219382048 2.166730881 0.022164386 0.999724746 -0.007684092 -0.174318641 -0.219168469 0.012357803 0.975608766 9.796151161
1490165937.396661997 0.975401461 -0.020582635 0.219472975 2.263429642 0.022919323 0.999704361 -0.008105743 -0.167349219 -0.219241276 0.012936527 0.975584924 10.180382729
1490165937.448629618 0.975359857 -0.022606988 0.219458595 2.360504389 0.024821658 0.999664903 -0.007339109 -0.175449103 -0.219219163 0.012605599 0.975594103 10.527829170
1490165937.474591017 0.975344837 -0.024398949 0.219333827 2.413828373 0.026622279 0.999619722 -0.007186406 -0.177925736 -0.219075084 0.012848390 0.975623369 10.690348625
1490165937.526604414 0.975092769 -0.023991799 0.220495969 2.494738340 0.025897844 0.999647975 -0.005757195 -0.185786664 -0.220280290 0.011324170 0.975370824 11.082708359
1490165937.604966402 0.975093007 -0.026869617 0.220162287 2.658343077 0.028498294 0.999584913 -0.004224309 -0.187360495 -0.219957381 0.010393346 0.975454092 11.679208755
1490165937.631070852 0.975233376 -0.028243888 0.219367430 2.724681616 0.029739974 0.999551356 -0.003520092 -0.191137940 -0.219169602 0.009956894 0.975635886 11.886013985
1490165937.683003664 0.975266814 -0.029972265 0.218989238 2.847567320 0.031458341 0.999499559 -0.003301579 -0.189139277 -0.218780696 0.010108957 0.975721598 12.314816475
1490165937.734889746 0.975221634 -0.029415080 0.219265610 2.955733299 0.031018535 0.999511302 -0.003873140 -0.180485591 -0.219044492 0.010578470 0.975657463 12.810021400
1490165937.786951542 0.975177109 -0.028917881 0.219529673 3.062730074 0.030557716 0.999524653 -0.004077138 -0.183443323 -0.219307423 0.010684256 0.975597203 13.277399063
1490165937.864859104 0.975259185 -0.028333157 0.219240755 3.246650219 0.030173412 0.999531925 -0.005049270 -0.184775442 -0.218995094 0.011539590 0.975657701 13.969105721
1490165937.943079472 0.975166857 -0.028072707 0.219684929 3.413208008 0.030182686 0.999524772 -0.006253420 -0.186425447 -0.219404995 0.012728808 0.975550830 14.685470581
1490165938.021304369 0.975252509 -0.029500190 0.219116867 3.593177557 0.031977586 0.999458373 -0.007767599 -0.201542288 -0.218769059 0.014582202 0.975667655 15.352258682
1490165938.073344231 0.975307584 -0.029910613 0.218816072 3.720013857 0.032743219 0.999420226 -0.009329461 -0.198161051 -0.218410164 0.016263844 0.975721419 15.841016769
1490165938.126855135 0.975289464 -0.030104371 0.218870014 3.842368603 0.033136420 0.999398768 -0.010194752 -0.202654719 -0.218431547 0.017195404 0.975700736 16.326463699
1490165938.203233719 0.975347102 -0.028925538 0.218772307 4.006461143 0.031994347 0.999432862 -0.010496995 -0.205259398 -0.218344629 0.017237691 0.975719452 17.053483963
1490165938.255173206 0.975381494 -0.028061133 0.218731627 4.127057076 0.031261854 0.999448538 -0.011185265 -0.201326355 -0.218297184 0.017747855 0.975720882 17.550230026
1490165938.333212376 0.975326121 -0.028983813 0.218857959 4.304571152 0.032150805 0.999423385 -0.010922247 -0.209099427 -0.218415216 0.017689217 0.975695550 18.296524048
1490165938.385409594 0.975286603 -0.028092656 0.219149873 4.419028759 0.031226277 0.999453545 -0.010847715 -0.208082572 -0.218725368 0.017422866 0.975630879 18.824304581
1490165938.437504530 0.975240290 -0.029772082 0.219134390 4.546104908 0.032590676 0.999425948 -0.009258037 -0.210165620 -0.218732938 0.016170552 0.975650728 19.347732544
1490165938.489609241 0.975298464 -0.029291723 0.218939796 4.672575474 0.031763546 0.999465048 -0.007777879 -0.207385212 -0.218594834 0.014540059 0.975707352 19.825366974
1490165938.567754030 0.975361526 -0.028973486 0.218701482 4.834954739 0.031051649 0.999499261 -0.006070375 -0.208137780 -0.218416125 0.012711853 0.975772917 20.500473022
1490165938.645955801 0.975364566 -0.028729066 0.218720227 5.015062332 0.030442111 0.999526501 -0.004465497 -0.210080683 -0.218488351 0.011013792 0.975777388 21.199775696
1490165938.723788738 0.975466847 -0.027774312 0.218387008 5.211352348 0.029194787 0.999568224 -0.003279611 -0.222266659 -0.218201652 0.009574914 0.975856721 21.959030151
1490165938.775789499 0.975480974 -0.028099708 0.218282253 5.336144924 0.029529829 0.999558508 -0.003291547 -0.223134279 -0.218093425 0.009656680 0.975880086 22.442670822
1490165938.827840090 0.975431800 -0.027099751 0.218628511 5.455834389 0.028615206 0.999583364 -0.003767675 -0.216767609 -0.218435302 0.009931212 0.975800872 22.985857010
1490165938.879981518 0.975384533 -0.025750348 0.219001830 5.575524807 0.027265055 0.999620616 -0.003896479 -0.220319718 -0.218818426 0.009771663 0.975716531 23.510198593
1490165938.957933426 0.975575447 -0.025622755 0.218164921 5.778306484 0.027112151 0.999625027 -0.003835611 -0.211131096 -0.217984855 0.009656848 0.975904346 24.232244492
1490165939.010248184 0.975457728 -0.025199525 0.218740001 5.884191036 0.026641753 0.999638379 -0.003645831 -0.210969985 -0.218568996 0.009383971 0.975776315 24.737098694
1490165939.062164545 0.975566506 -0.024397830 0.218345180 6.009677887 0.025642496 0.999666989 -0.002868169 -0.216184974 -0.218202502 0.008397006 0.975867391 25.225790024
1490165939.140136242 0.975518405 -0.023484940 0.218660146 6.169661999 0.024443256 0.999699771 -0.001678230 -0.215639532 -0.218555078 0.006981912 0.975799620 25.954704285
1490165939.192235470 0.975545466 -0.022788128 0.218613207 6.311608791 0.023466812 0.999724448 -0.000508167 -0.214571744 -0.218541414 0.005625896 0.975811422 26.485137939
1490165939.244422197 0.975618064 -0.020886013 0.218478784 6.435102463 0.021336492 0.999772251 0.000297467 -0.207045779 -0.218435302 0.004371358 0.975841641 27.021486282
1490165939.296539545 0.975680232 -0.020304477 0.218256027 6.556087971 0.020656984 0.999786556 0.000666795 -0.207701162 -0.218222931 0.003857932 0.975891292 27.513475418
1490165939.374581099 0.975634515 -0.021148726 0.218380332 6.749705791 0.021687463 0.999764800 -0.000070023 -0.212567687 -0.218327507 0.004804435 0.975863695 28.278341293
1490165939.426510811 0.975528419 -0.022096258 0.218759954 6.881156921 0.022939065 0.999735951 -0.001313256 -0.208701268 -0.218673214 0.006299268 0.975777745 28.814241409
1490165939.478430986 0.975563943 -0.021326574 0.218677983 7.017777443 0.022278560 0.999749959 -0.001888260 -0.207270622 -0.218583018 0.006713951 0.975795209 29.354078293
1490165939.530748606 0.975510836 -0.019706640 0.219067082 7.130134106 0.020777784 0.999780774 -0.002586552 -0.200644121 -0.218968138 0.007074940 0.975706279 29.842443466
1490165939.608681202 0.975353062 -0.018860981 0.219842374 7.303764343 0.020073153 0.999793112 -0.003281134 -0.202263653 -0.219735041 0.007613194 0.975529850 30.552082062
1490165939.686675787 0.975224853 -0.017565066 0.220517367 7.497170448 0.018569170 0.999824524 -0.002481116 -0.199004054 -0.220435128 0.006514471 0.975379825 31.373210907
1490165939.739040852 0.975239456 -0.018808717 0.220349997 7.651014805 0.019840352 0.999800086 -0.002469431 -0.193315744 -0.220259473 0.006780109 0.975417733 31.957159042
1490165939.817067146 0.975159347 -0.020274665 0.220574155 7.842998981 0.021233717 0.999772549 -0.001977596 -0.214184046 -0.220483899 0.006612080 0.975368142 32.652721405
1490165939.869058847 0.974864721 -0.017513741 0.222107753 7.981420517 0.018601505 0.999823034 -0.002806336 -0.189649597 -0.222019300 0.006867337 0.975018024 33.363433838
1490165939.921138048 0.974857926 -0.016707623 0.222199574 8.117958069 0.017749617 0.999838769 -0.002693176 -0.193285584 -0.222118720 0.006569421 0.974997461 33.884620667
1490165939.973102093 0.974774361 -0.015594321 0.222647086 8.259333611 0.016724769 0.999854982 -0.003192581 -0.189450175 -0.222565010 0.006835769 0.974893868 34.457813263
1490165940.051179409 0.974599838 -0.016504515 0.223344415 8.473013878 0.017748691 0.999836147 -0.003564283 -0.194861352 -0.223248973 0.007437820 0.974733055 35.279407501
1490165940.102968693 0.974428952 -0.016965661 0.224054009 8.612824440 0.018377922 0.999822199 -0.004219246 -0.198733836 -0.223942623 0.008229006 0.974567592 35.856941223
1490165940.181419611 0.974306583 -0.017745309 0.224525422 8.828319550 0.019401003 0.999798357 -0.005169991 -0.201624781 -0.224388435 0.009393178 0.974454522 36.666152954
1490165940.285342455 0.974286616 -0.017230928 0.224652305 9.127924919 0.018957876 0.999804974 -0.005532281 -0.217763230 -0.224513113 0.009648959 0.974423170 37.770053864
1490165940.493470907 0.973834991 -0.015847703 0.226702809 9.581022263 0.017494380 0.999832988 -0.005256138 -0.206459001 -0.226581663 0.009084636 0.973949790 39.617679596
1490165940.571502209 0.973764122 -0.013740843 0.227144286 9.819106102 0.015459077 0.999863744 -0.005787172 -0.208136126 -0.227033824 0.009146782 0.973843992 40.595340729
1490165940.623638630 0.973781228 -0.013485665 0.227086201 9.982460976 0.015423061 0.999858141 -0.006759273 -0.210980564 -0.226962864 0.010084419 0.973851085 41.194454193
1490165940.701880455 0.973619759 -0.015180590 0.227670521 10.202255249 0.017569182 0.999809742 -0.008468398 -0.220199600 -0.227498680 0.012244986 0.973701358 42.036785126
1490165940.753862619 0.973791778 -0.015399855 0.226919383 10.347851753 0.018086212 0.999788702 -0.009763831 -0.232246101 -0.226721093 0.013612051 0.973864555 42.495292664
1490165940.805998802 0.973564863 -0.015212285 0.227903321 10.421461105 0.018263759 0.999769449 -0.011286261 -0.242085427 -0.227679133 0.015150279 0.973618329 42.892604828
1490165940.857737541 0.973416626 -0.015003652 0.228549287 10.560940742 0.018403793 0.999749243 -0.012752909 -0.228317946 -0.228300631 0.016620066 0.973448813 43.513435364
1490165940.935891390 0.973399758 -0.016496453 0.228518203 10.770045280 0.020051828 0.999711156 -0.013245156 -0.242672473 -0.228233725 0.017475041 0.973449409 44.296176910
1490165941.013981581 0.973379314 -0.019783946 0.228344515 10.998195648 0.023290809 0.999648392 -0.012672981 -0.255530477 -0.228013486 0.017653948 0.973497868 45.121971130
1490165941.092004299 0.973305762 -0.018707763 0.228748351 11.184544563 0.021919847 0.999693573 -0.011509099 -0.263533413 -0.228462964 0.016216008 0.973417521 45.914211273
1490165941.144188166 0.973256707 -0.020373570 0.228814512 11.329739571 0.023283906 0.999678731 -0.010026477 -0.273406029 -0.228536695 0.015086033 0.973418355 46.464359283
1490165941.196105957 0.973243177 -0.019492330 0.228949010 11.476323128 0.022207944 0.999710143 -0.009290500 -0.277222186 -0.228701562 0.014126403 0.973394036 47.036720276
1490165941.274310350 0.973025858 -0.020813601 0.229755595 11.687325478 0.023510138 0.999683022 -0.009005035 -0.278515935 -0.229495376 0.014163716 0.973206639 47.856536865
1490165941.326381445 0.972850978 -0.022048518 0.230379537 11.831088066 0.024860157 0.999647558 -0.009308456 -0.293798625 -0.230093122 0.014783010 0.973056257 48.394184113
1490165941.404471159 0.972794116 -0.023298064 0.230497196 12.054293633 0.026533745 0.999587953 -0.010947648 -0.291789800 -0.230147183 0.016765762 0.973011374 49.238521576
1490165941.456382990 0.972752571 -0.024218787 0.230577081 12.198724747 0.027738474 0.999542832 -0.012034863 -0.303996921 -0.230180174 0.018102804 0.972979665 49.770648956
1490165941.508527756 0.972707272 -0.024083277 0.230782360 12.349338531 0.028012335 0.999512732 -0.013762992 -0.301856220 -0.230338469 0.019852117 0.972907960 50.351173401
1490165941.586718082 0.972641289 -0.025799701 0.230874568 12.562932014 0.030006150 0.999441266 -0.014726374 -0.319514900 -0.230365604 0.021251140 0.972872019 51.167800903
1490165941.639635563 0.972612977 -0.026864365 0.230873004 12.709873199 0.031260543 0.999392569 -0.015403971 -0.319027305 -0.230318949 0.022199316 0.972861946 51.735279083
1490165941.690754175 0.972619951 -0.028353900 0.230664954 12.863142014 0.032914244 0.999330938 -0.015945764 -0.325625658 -0.230058491 0.023101334 0.972902536 52.282546997
1490165941.743094683 0.972616613 -0.029067745 0.230590314 13.005255699 0.033818692 0.999288678 -0.016676987 -0.331029415 -0.229941532 0.024018576 0.972907960 52.827705383
1490165941.795221329 0.972559631 -0.028306736 0.230925456 13.142001152 0.032994382 0.999319911 -0.016462108 -0.342875421 -0.230302453 0.023629623 0.972832084 53.360321045
1490165941.846658707 0.972552538 -0.029384742 0.230820090 13.282782555 0.034120318 0.999280632 -0.016550563 -0.350166917 -0.230167702 0.023971949 0.972855628 53.908187866
1490165941.924750805 0.972661197 -0.031363878 0.230100811 13.508324623 0.036196213 0.999203265 -0.016808990 -0.367760539 -0.229390293 0.024678234 0.973021507 54.744403839
1490165941.976997614 0.972735286 -0.033138417 0.229537994 13.659710884 0.038306046 0.999102235 -0.018092759 -0.372809350 -0.228732392 0.026392162 0.973131418 55.317619324
1490165942.028993130 0.972833574 -0.034247309 0.228957906 13.811586380 0.039724436 0.999023139 -0.019354727 -0.387622416 -0.228071451 0.027924158 0.973243892 55.861385345
1490165942.081197500 0.972867668 -0.036121760 0.228524983 13.961552620 0.041885197 0.998913705 -0.020418892 -0.398201466 -0.227539182 0.029436696 0.973323882 56.387149811
1490165942.133238077 0.972933233 -0.036959924 0.228111207 14.104112625 0.042807702 0.998867989 -0.020739660 -0.406309307 -0.227086470 0.029943222 0.973414123 56.971290588
1490165942.211170435 0.973141491 -0.040395238 0.226636127 14.324769974 0.046371136 0.998701453 -0.021103865 -0.434225321 -0.225489318 0.031046420 0.973750770 57.682003021
1490165942.263132811 0.973272085 -0.038743827 0.226363450 14.469207764 0.044574544 0.998791516 -0.020701889 -0.442621350 -0.225287840 0.030238612 0.973822892 58.307014465
1490165942.315395355 0.973462045 -0.041587673 0.225037843 14.630047798 0.047346029 0.998673201 -0.020250212 -0.446181715 -0.223897114 0.030367462 0.974139571 58.809368134
1490165942.367248058 0.973383307 -0.042049993 0.225292549 14.769017220 0.047689114 0.998669088 -0.019644503 -0.449228168 -0.224166632 0.029865632 0.974093080 59.474670410
1490165942.419395685 0.973399818 -0.040019296 0.225590453 14.875349998 0.045397028 0.998793900 -0.018699508 -0.449814618 -0.224570021 0.028443245 0.974042773 60.024288177
1490165942.471407890 0.973596513 -0.040527038 0.224649608 15.036067963 0.045501966 0.998819351 -0.017010303 -0.466832578 -0.223694995 0.026783172 0.974291146 60.703731537
1490165942.523330688 0.973517179 -0.045985684 0.223940983 15.219230652 0.051089942 0.998548508 -0.017049156 -0.483222187 -0.222831920 0.028038785 0.974453568 61.232524872
1490165942.601549387 0.973331451 -0.048585054 0.224198997 15.356816292 0.053643104 0.998423398 -0.016521338 -0.504377902 -0.223042876 0.028107474 0.974403322 61.867527008
1490165942.653507233 0.973505676 -0.046993922 0.223781332 15.481056213 0.052378457 0.998461664 -0.018183386 -0.483972788 -0.222582579 0.029422952 0.974469721 62.326251984
1490165942.705675364 0.973535240 -0.047044471 0.223642409 15.615840912 0.052808844 0.998407006 -0.019860912 -0.489497006 -0.222351819 0.031145593 0.974468887 62.895233154
1490165942.757968426 0.973623693 -0.048596755 0.222923875 15.758321762 0.054683831 0.998278320 -0.021210810 -0.502600431 -0.221509323 0.032841675 0.974605083 63.301452637
1490165942.861759186 0.973747492 -0.048993029 0.222295925 16.029846191 0.055105515 0.998251677 -0.021374563 -0.513410389 -0.220860049 0.033063158 0.974744856 64.436561584
1490165942.913872957 0.973750055 -0.047973562 0.222506449 16.160449982 0.054129545 0.998299181 -0.021647384 -0.516966105 -0.221089527 0.033123314 0.974690855 65.017219543
1490165942.991866589 0.973842084 -0.045993965 0.222521871 16.323118210 0.052180253 0.998395324 -0.021998648 -0.494123042 -0.221153021 0.033034459 0.974679410 65.777450562
1490165943.069975615 0.973725259 -0.050865702 0.221972033 16.522838593 0.056834638 0.998171210 -0.020582046 -0.508417130 -0.220519215 0.032656964 0.974835813 66.427818298
1490165943.122198343 0.973691881 -0.050442815 0.222214729 16.672103882 0.056213558 0.998224020 -0.019717254 -0.532643437 -0.220825478 0.031690009 0.974798381 67.023727417
1490165943.174114704 0.974019885 -0.049243081 0.221043438 16.835912704 0.054878540 0.998304069 -0.019422535 -0.565154433 -0.219712138 0.031048477 0.975070596 67.527198792
1490165943.226139307 0.974094689 -0.052639015 0.219928205 16.950551987 0.058300108 0.998111904 -0.019325403 -0.599335849 -0.218495712 0.031646606 0.975324750 67.916816711
1490165943.278269529 0.973713279 -0.053879932 0.221312791 17.085010529 0.059819512 0.998004377 -0.020218663 -0.559021354 -0.219781756 0.032926001 0.974993289 68.631156921
1490165943.330352068 0.973742604 -0.052015122 0.221629545 17.193843842 0.057520542 0.998173654 -0.018454589 -0.557342172 -0.220264852 0.030718267 0.974956334 68.906860352
1490165943.382404089 0.974129140 -0.051728550 0.219992369 17.382867813 0.057347633 0.998169005 -0.019228645 -0.536666274 -0.218594909 0.031347215 0.975312054 69.661819458
1490165943.460506439 0.974240899 -0.052549955 0.219301715 17.563903809 0.057931449 0.998154998 -0.018176697 -0.485381007 -0.217941910 0.030412942 0.975487769 70.010955811
1490165943.512720585 0.973781407 -0.062619418 0.218697071 17.707508087 0.067827918 0.997562468 -0.016382407 -0.506662905 -0.217138156 0.030786648 0.975655258 70.613510132
1490165943.564613581 0.974458754 -0.053381063 0.218129382 17.816368103 0.057722352 0.998240292 -0.013574141 -0.551905394 -0.217020959 0.025818380 0.975825429 71.146942139
1490165943.616566420 0.974566519 -0.054711439 0.217316926 17.964611053 0.058999069 0.998169601 -0.013285794 -0.565647423 -0.216192275 0.025769386 0.976010680 71.428405762
1490165943.668716669 0.974205613 -0.052321509 0.219512403 18.001285553 0.056273166 0.998345912 -0.011783781 -0.592562199 -0.218532726 0.023832481 0.975538552 71.998992920
1490165943.746920347 0.974573195 -0.048317708 0.218797579 18.274158478 0.051424544 0.998640478 -0.008523710 -0.682865441 -0.218088269 0.019558549 0.975732982 72.863006592
1490165943.824763060 0.974470556 -0.050992541 0.218647763 18.575466156 0.054695673 0.998443365 -0.010913282 -0.596441388 -0.217750967 0.022593757 0.975742757 74.609176636
1490165943.879043341 0.974575222 -0.042993203 0.219896808 18.738405228 0.046875600 0.998822868 -0.012465881 -0.642790914 -0.219102070 0.022456737 0.975443423 75.652305603
1490165943.929083347 0.974326193 -0.045928299 0.220406637 18.861185074 0.050377686 0.998623431 -0.014605857 -0.641968548 -0.219432428 0.025334449 0.975298643 76.324607849
1490165944.007035255 0.974705458 -0.034945719 0.220744327 19.026329041 0.039910752 0.999039769 -0.018071046 -0.711845696 -0.219900861 0.026424021 0.975164235 77.070098877
1490165944.058956146 0.974616230 -0.041236255 0.220051602 19.232612610 0.047581863 0.998588264 -0.023612684 -0.664170980 -0.218767211 0.033483785 0.975202382 77.710464478
1490165944.137179375 0.974705815 -0.030941753 0.221339330 19.382471085 0.037820846 0.998922169 -0.026908036 -0.702468038 -0.220268190 0.034598663 0.974825501 78.642395020
1490165944.189352989 0.974659622 -0.039610092 0.220157757 19.551628113 0.047636144 0.998375356 -0.031265255 -0.703721285 -0.218561620 0.040960461 0.974963069 79.078193665
1490165944.241736412 0.974784493 -0.040875152 0.219372362 19.787656784 0.049558740 0.998184681 -0.034225576 -0.720287323 -0.217575148 0.044234391 0.975040674 79.909530640
1490165944.293328524 0.974947393 -0.037586115 0.219236657 19.935281754 0.047186926 0.998135448 -0.038719542 -0.707355976 -0.217372507 0.048094630 0.974903166 80.555091858
1490165944.371291399 0.975103974 -0.036146834 0.218782231 20.172458649 0.046564072 0.998004735 -0.042645618 -0.766036987 -0.216804147 0.051771309 0.974841356 81.404441833
1490165944.423285961 0.974828660 -0.037530884 0.219773844 20.289499283 0.048731647 0.997762859 -0.045765590 -0.731777906 -0.217564553 0.055323556 0.974476635 82.073051453
1490165944.475315094 0.975070536 -0.033908151 0.219289064 20.429775238 0.045270298 0.997868657 -0.046996631 -0.755056143 -0.217228159 0.055752311 0.974527299 82.645515442
1490165944.527459383 0.974998772 -0.032714128 0.219788730 20.588546753 0.043720488 0.998011589 -0.045399699 -0.779236317 -0.217866540 0.053873919 0.974490464 83.347038269
1490165944.605444670 0.975159228 -0.028087061 0.219716817 20.800804138 0.038054664 0.998423278 -0.041264892 -0.826235056 -0.218211427 0.048601095 0.974690497 84.243408203
1490165944.657547474 0.975159883 -0.028186150 0.219701082 20.957979202 0.037545577 0.998551309 -0.038541559 -0.850493193 -0.218296498 0.045832980 0.974805534 84.901313782
1490165944.709742069 0.975151181 -0.027848300 0.219783232 21.101352692 0.036827911 0.998641312 -0.036865033 -0.876358509 -0.218458012 0.044043127 0.974851906 85.558837891
1490165944.761624575 0.975193143 -0.026375156 0.219778419 21.254510880 0.035158228 0.998727739 -0.036147609 -0.904573441 -0.218545422 0.042977929 0.974879801 86.205215454
1490165944.813643456 0.975153267 -0.025101254 0.220104963 21.403499603 0.034123432 0.998721838 -0.037283991 -0.926515818 -0.218887866 0.043868337 0.974763334 86.842277527
1490165944.865740299 0.975239396 -0.021925805 0.220062464 21.562583923 0.031209787 0.998759449 -0.038799934 -0.954690695 -0.218938798 0.044707324 0.974713802 87.492904663
1490165944.943836927 0.975137472 -0.017198769 0.220932260 21.773666382 0.027501805 0.998668551 -0.043643128 -0.997760057 -0.219887495 0.048634093 0.974312186 88.380523682
1490165944.995928526 0.975081265 -0.014556554 0.221369773 21.934801102 0.025483748 0.998589098 -0.046585895 -1.027032137 -0.220379338 0.051066361 0.974076569 89.057739258
1490165945.073952675 0.974692106 -0.009249828 0.223359793 22.145389557 0.020854980 0.998548627 -0.049654327 -1.068207741 -0.222576350 0.053055853 0.973470509 89.965789795
1490165945.125921011 0.974536359 -0.008206354 0.224078789 22.319082260 0.019613929 0.998619318 -0.048730500 -1.085180521 -0.223369464 0.051884703 0.973351896 90.632881165
1490165945.177899599 0.973957002 -0.009060873 0.226551309 22.456220627 0.019941136 0.998752296 -0.045783199 -1.112229109 -0.225853786 0.049108557 0.972922564 91.210151672
1490165945.258204222 0.973422348 -0.010529834 0.228774592 22.692398071 0.020003671 0.999033749 -0.039131816 -1.147009134 -0.228141502 0.042668123 0.972692549 92.098365784
1490165945.308211565 0.973050117 -0.009281361 0.230406463 22.854549408 0.017857727 0.999221921 -0.035165332 -1.175616980 -0.229900837 0.038332175 0.972458839 92.746070862
1490165945.464319944 0.971664429 -0.007841932 0.236234307 23.128948212 0.016284559 0.999295652 -0.033808477 -1.220552206 -0.235802755 0.036697466 0.971107721 93.853065491
1490165945.516219854 0.971012592 -0.006718175 0.238933697 23.297912598 0.015815847 0.999220073 -0.036179282 -1.228359699 -0.238504305 0.038909480 0.970361650 94.598602295
1490165945.568115473 0.970282614 -0.002865416 0.241957411 23.451677322 0.012394154 0.999205828 -0.037869036 -1.255144119 -0.241656736 0.039742518 0.969547570 95.290229797
1490165945.646600485 0.969652951 -0.003743062 0.244456589 23.709047318 0.014011580 0.999090195 -0.040280022 -1.301671028 -0.244083434 0.042482864 0.968823135 96.107872009
1490165945.698562860 0.968843997 -0.001203393 0.247669250 23.870471954 0.012213379 0.999003649 -0.042922806 -1.320363998 -0.247370914 0.044610374 0.967893302 96.749252319
1490165945.776633501 0.968161047 -0.003691235 0.250300497 24.143367767 0.015750626 0.998808265 -0.046193719 -1.362630367 -0.249831691 0.048665367 0.967065513 97.657615662
1490165945.828689575 0.967421234 -0.004173031 0.253137887 24.309631348 0.016963724 0.998685539 -0.048367016 -1.388281107 -0.252603322 0.051085431 0.966220379 98.298652649
1490165945.934172869 0.966065645 -0.002642014 0.258283377 24.548641205 0.016276859 0.998582959 -0.050666217 -1.433545589 -0.257783562 0.053150922 0.964739621 99.212402344
1490165946.011414289 0.964818120 -0.004924321 0.262871891 24.825109482 0.018881552 0.998540819 -0.050595466 -1.480046749 -0.262239188 0.053778861 0.963503182 100.143798828
1490165946.062832832 0.964102268 -0.005392537 0.265476435 25.022495270 0.019442992 0.998543561 -0.050325926 -1.510140896 -0.264818519 0.053681001 0.962802947 100.813011169
1490165946.114777088 0.962917507 -0.006414535 0.269720107 25.213508606 0.020540567 0.998558700 -0.049583167 -1.546099901 -0.269013286 0.053284705 0.961661398 101.477638245
1490165946.192782402 0.961568773 -0.011700460 0.274314553 25.514644623 0.026374806 0.998407543 -0.049867436 -1.599372864 -0.273294240 0.055185970 0.960346162 102.242584229
1490165946.245269537 0.960300028 -0.011856000 0.278716832 25.706686020 0.026861409 0.998383939 -0.050080150 -1.633268833 -0.277672589 0.055578697 0.959066689 102.884651184
1490165946.323204517 0.958459914 -0.015761619 0.284791499 26.007307053 0.032105986 0.998088062 -0.052813414 -1.677665710 -0.283414602 0.059763055 0.957133472 103.644111633
1490165946.375174522 0.956943631 -0.014441886 0.289914310 26.216218948 0.031783111 0.997969508 -0.055195924 -1.717110157 -0.288528532 0.062033769 0.955459595 104.375495911
1490165946.427242041 0.955488980 -0.016476966 0.294565946 26.431072235 0.035170902 0.997680664 -0.058277827 -1.747608662 -0.292922467 0.066043988 0.953852475 105.022789001
1490165946.479762554 0.953895032 -0.017672641 0.299619496 26.636978149 0.037502937 0.997459471 -0.060563855 -1.788438797 -0.297788024 0.069008164 0.952134550 105.620445251
1490165946.533710241 0.952570975 -0.019362858 0.303699464 26.857946396 0.040184259 0.997238100 -0.062459741 -1.819540977 -0.301651299 0.071701288 0.950718343 106.205070496
1490165946.609249353 0.950123131 -0.024811206 0.310886294 27.173538208 0.046716928 0.996905982 -0.063214056 -1.879220009 -0.308356106 0.074584812 0.948342562 107.028755188
1490165946.661422253 0.948373079 -0.026846964 0.316018462 27.397317886 0.049108572 0.996823967 -0.062691092 -1.917549610 -0.313331783 0.074973762 0.946679592 107.639297485
1490165946.713376760 0.946607709 -0.031709429 0.320824295 27.637445450 0.054268446 0.996623337 -0.061618071 -1.957658768 -0.317787111 0.075738780 0.945132196 108.234756470
1490165946.791551828 0.943709075 -0.032750890 0.329151183 27.987117767 0.055820514 0.996582806 -0.060881909 -2.021326065 -0.326032490 0.075828202 0.942312539 109.163360596
1490165946.843648434 0.941865861 -0.035421666 0.334116668 28.239500046 0.059404939 0.996316850 -0.061835557 -2.055684090 -0.330695838 0.078088969 0.940501034 109.818695068
1490165946.895928621 0.939648569 -0.037991744 0.340025127 28.459426880 0.063058197 0.996021330 -0.062971748 -2.098559856 -0.336279839 0.080612689 0.938305676 110.407714844
1490165946.973658800 0.937188566 -0.041460861 0.346350253 28.833793640 0.068705596 0.995401263 -0.066752948 -2.156109333 -0.341989845 0.086356305 0.935727358 111.295318604
1490165947.025840282 0.935352564 -0.042770896 0.351121426 29.102958679 0.071385115 0.995062709 -0.068951979 -2.194445610 -0.346438736 0.089559264 0.933787644 111.970069885
1490165947.077779293 0.933274209 -0.042273354 0.356668085 29.356662750 0.072324269 0.994826734 -0.071337238 -2.227836132 -0.351807326 0.092372961 0.931503594 112.639472961
1490165947.130031347 0.931196749 -0.043035846 0.361967534 29.589393616 0.074236460 0.994584978 -0.072730117 -2.252927780 -0.356877446 0.094597235 0.929349124 113.199256897
1490165947.181994200 0.929379821 -0.044628665 0.366417170 29.859750748 0.076288790 0.994455457 -0.072376639 -2.295060158 -0.361155421 0.095218912 0.927631438 113.828857422
1490165947.233830690 0.927530468 -0.045015574 0.371026605 30.099645615 0.077012137 0.994436264 -0.071870834 -2.338505268 -0.365727037 0.095235936 0.925836802 114.337852478
1490165947.286095381 0.925736785 -0.040651191 0.375977099 30.380310059 0.072011694 0.994963229 -0.069731489 -2.394433022 -0.371248722 0.091627769 0.924001336 114.982864380
1490165947.338778257 0.922954798 -0.040408261 0.382781506 30.660390854 0.072095752 0.995022178 -0.068796389 -2.430677891 -0.378096253 0.091092877 0.921273768 115.666351318
1490165947.390201807 0.920316398 -0.036795840 0.389440358 30.922597885 0.068521872 0.995337248 -0.067885973 -2.476016998 -0.385126531 0.089161754 0.918546557 116.264228821
1490165947.468312263 0.915577352 -0.033112865 0.400776267 31.327495575 0.064973034 0.995690942 -0.066165738 -2.542729855 -0.396858454 0.086619504 0.913783550 117.190933228
1490165947.520381212 0.912458837 -0.032246102 0.407895654 31.635528564 0.065003514 0.995653212 -0.066701137 -2.573191643 -0.403971791 0.087376699 0.910588801 117.846595764
1490165947.572434902 0.908964515 -0.029295571 0.415842891 31.917970657 0.062959678 0.995732725 -0.067471527 -2.620234966 -0.412091762 0.087510556 0.906930089 118.465980530
1490165947.624455452 0.905360103 -0.026996212 0.423785448 32.216434479 0.061977312 0.995691001 -0.068978027 -2.659200668 -0.420097351 0.088715054 0.903132260 119.129302979
1490165947.704073191 0.900033772 -0.025491334 0.435074121 32.645652771 0.062283434 0.995564342 -0.070514180 -2.721322060 -0.431346953 0.090563059 0.897629261 120.002334595
1490165947.754400730 0.896845162 -0.024852101 0.441645771 32.990165710 0.062502109 0.995523095 -0.070902713 -2.750113010 -0.437906533 0.091192529 0.894383490 120.660591125
1490165947.806416512 0.892731309 -0.025359226 0.449875087 33.298248291 0.063811727 0.995467663 -0.070513912 -2.787030697 -0.446047932 0.091657266 0.890303373 121.287467957
1490165947.858503819 0.888850749 -0.025394604 0.457492441 33.629577637 0.064083889 0.995539069 -0.069246367 -2.827417374 -0.453693181 0.090867586 0.886513114 121.934440613
1490165947.910724640 0.885214627 -0.027883220 0.464346260 33.966545105 0.067838348 0.995268404 -0.069560632 -2.854594231 -0.460209548 0.093076564 0.882917821 122.536186218
1490165947.962951422 0.881041110 -0.027739029 0.472225696 34.308456421 0.068525374 0.995233417 -0.069388136 -2.893434525 -0.468050063 0.093493231 0.878742337 123.184524536
1490165948.014461994 0.877539098 -0.026572455 0.478768229 34.642677307 0.068180889 0.995232880 -0.069732301 -2.941520691 -0.474632978 0.093835659 0.875167668 123.758590698
1490165948.066689968 0.873616874 -0.024752071 0.485984355 34.966049194 0.067912206 0.995133400 -0.071396597 -2.981690407 -0.481852114 0.095377542 0.871046364 124.332618713
1490165948.092731237 0.871811569 -0.025902802 0.489155948 35.144065857 0.070559733 0.994827092 -0.073076822 -2.995203972 -0.484732807 0.098223917 0.869129598 124.612899780
1490165948.144930601 0.867970645 -0.024787607 0.495996326 35.500228882 0.071155123 0.994655907 -0.074809887 -3.035244942 -0.491491258 0.100225478 0.865096033 125.197845459
1490165948.196856737 0.863872766 -0.024106842 0.503132761 35.857627869 0.072581634 0.994387388 -0.076977201 -3.075437546 -0.498453230 0.103016704 0.860773981 125.763534546
1490165948.248928547 0.859333038 -0.022433758 0.510923922 36.234085083 0.072895393 0.994209766 -0.078950234 -3.114077091 -0.506194413 0.105088554 0.855992734 126.371765137
1490165948.301015377 0.854674518 -0.021474920 0.518719912 36.593910217 0.073523208 0.994080663 -0.079986528 -3.159417152 -0.513931692 0.106500387 0.851194382 126.910011292
1490165948.353179455 0.849633813 -0.021646554 0.526928604 36.942550659 0.075310603 0.993897080 -0.080602951 -3.213382721 -0.521968067 0.108166300 0.846078813 127.449363708
1490165948.405037880 0.845042288 -0.021960160 0.534248412 37.322227478 0.077007182 0.993738115 -0.080957964 -3.253931046 -0.529125154 0.109553874 0.841441810 127.992095947
1490165948.457180262 0.840569794 -0.021684334 0.541268885 37.713600159 0.077233277 0.993788004 -0.080127172 -3.308242798 -0.536168933 0.109156452 0.837022960 128.547668457
1490165948.535326719 0.833441556 -0.022640711 0.552143633 38.289962769 0.078745097 0.993829906 -0.078110881 -3.385976315 -0.546968341 0.108579464 0.830081999 129.356765747
1490165948.587325096 0.828461051 -0.021751342 0.559624076 38.696598053 0.078299232 0.993929923 -0.077281445 -3.436523438 -0.554546177 0.107842796 0.825135410 129.932083130
1490165948.639491796 0.824096143 -0.021407953 0.566045225 39.101421356 0.078561775 0.993947625 -0.076785535 -3.482902050 -0.560975492 0.107748173 0.820790350 130.479949951
1490165948.691418886 0.819264054 -0.019628735 0.573080361 39.502971649 0.077508099 0.994032562 -0.076757163 -3.529322624 -0.568153918 0.107302733 0.815896571 131.056518555
1490165948.743467808 0.815339804 -0.019052135 0.578669131 39.934322357 0.077526808 0.994050503 -0.076506421 -3.584776878 -0.573768795 0.107241109 0.811965823 131.611831665
1490165948.795877695 0.811118543 -0.017402830 0.584622800 40.353759766 0.077551804 0.993931592 -0.078010097 -3.635265350 -0.579717517 0.108614005 0.807546020 132.164733887
1490165948.847913504 0.806907773 -0.015739324 0.590467691 40.765346527 0.077298336 0.993861973 -0.079140551 -3.693419456 -0.585597694 0.109501280 0.803171575 132.732742310
1490165948.899648190 0.803513765 -0.015800247 0.595076144 41.151519775 0.079747885 0.993493974 -0.081302315 -3.745109558 -0.589920104 0.112783611 0.799546182 133.156463623
1490165948.951598644 0.799960494 -0.015028615 0.599864244 41.586524963 0.081517957 0.993140340 -0.083828345 -3.790878296 -0.594489634 0.115959093 0.795698106 133.690414429
1490165949.003705263 0.796284914 -0.014115121 0.604756892 42.018379211 0.082207330 0.992978156 -0.085066341 -3.843101978 -0.599309802 0.117452510 0.791853845 134.196456909
1490165949.055870056 0.792209387 -0.013643497 0.610096872 42.414363861 0.082015634 0.993060231 -0.084289476 -3.894351482 -0.604712963 0.116812401 0.787830591 134.697204590
1490165949.107499599 0.788490474 -0.014431513 0.614877641 42.838386536 0.083305202 0.993017912 -0.083520040 -3.944978237 -0.609379172 0.117077246 0.784187436 135.203353882
1490165949.159836292 0.784246981 -0.014205533 0.620286047 43.302406311 0.082883865 0.993175864 -0.082047343 -4.006239414 -0.614887714 0.115757093 0.780072689 135.765991211
1490165949.211835861 0.780149281 -0.014188685 0.625432253 43.710960388 0.083517194 0.993155897 -0.081646420 -4.050076485 -0.619993389 0.115930758 0.775994897 136.228271484
1490165949.263755798 0.776369393 -0.011896886 0.630165756 44.151454926 0.081316628 0.993356347 -0.081429183 -4.128902435 -0.625010490 0.114462107 0.772178888 136.701583862
1490165949.315871716 0.772000492 -0.008583074 0.635563970 44.562217712 0.078311741 0.993575096 -0.081705011 -4.188774109 -0.630779266 0.112848453 0.767712653 137.190292358
1490165949.393993616 0.766035736 -0.007718084 0.642751694 44.865722656 0.078193665 0.993620872 -0.081260458 -4.279922962 -0.638024211 0.112507530 0.761752605 137.443527222
