0.000000000 1.000000000 0.000000000 0.000000000 0.000000000 0.000000000 1.000000000 0.000000000 0.000000000 0.000000000 0.000000000 0.999999900 -0.000000000
0.103735900 0.999997800 0.000527263 -0.002066935 -0.046902940 -0.000529651 0.999999200 -0.001154865 -0.028399280 0.002066324 0.001155958 0.999997100 0.858694100
0.207338100 0.999991000 0.001048972 -0.004131348 -0.093743450 -0.001058514 0.999996800 -0.002308104 -0.056760640 0.004128913 0.002312456 0.999988700 1.716275000
0.311075200 0.999979600 0.001566466 -0.006198571 -0.140642900 -0.001587952 0.999992700 -0.003462706 -0.085157620 0.006193102 0.003472479 0.999974700 2.574964000
0.414691700 0.999963700 0.002078471 -0.008263498 -0.187485800 -0.002116664 0.999987100 -0.004615826 -0.113520200 0.008253797 0.004633149 0.999955100 3.432648000
0.518430200 0.999943300 0.002586172 -0.010330940 -0.234381800 -0.002645881 0.999979800 -0.005770163 -0.141915000 0.010315810 0.005797170 0.999929900 4.291335000
0.622044800 0.999918400 0.003088363 -0.012395990 -0.281219500 -0.003174350 0.999971000 -0.006922975 -0.170274300 0.012374250 0.006961759 0.999899100 5.148987000
0.725797700 0.999889000 0.003586305 -0.014463840 -0.328117800 -0.003703403 0.999960500 -0.008077186 -0.198670300 0.014434300 0.008129853 0.999862700 6.007777000
0.829419900 0.999855100 0.004078705 -0.016529130 -0.374954700 -0.004231669 0.999948400 -0.009229794 -0.227029000 0.016490630 0.009298401 0.999820700 6.865477000
0.933146700 0.999816700 0.004566671 -0.018596520 -0.421836700 -0.004760342 0.999934700 -0.010383420 -0.255415100 0.018547880 0.010470040 0.999773100 7.724036000
1.036910000 0.999773800 0.005049868 -0.020664630 -0.468732900 -0.005289072 0.999919400 -0.011537300 -0.283809600 0.020604700 0.011643990 0.999719800 8.582886000
1.140497000 0.999726400 0.005527315 -0.022729220 -0.515547400 -0.005816781 0.999902500 -0.012689080 -0.312154700 0.022656860 0.012817820 0.999661100 9.440275000
1.244242000 0.999674500 0.006000540 -0.024796920 -0.562431000 -0.006345160 0.999884000 -0.013842460 -0.340541600 0.024710980 0.013995300 0.999596600 10.298960000
1.347979000 0.999618200 0.006468772 -0.026864400 -0.609308700 -0.006873365 0.999863900 -0.014995610 -0.368925000 0.026763740 0.015174530 0.999526600 11.157570000
1.451596000 0.999556200 0.007058450 -0.028942130 -0.656205200 -0.007530449 0.999839900 -0.016231920 -0.397396400 0.028822920 0.016442660 0.999449200 12.015410000
1.555212000 0.999509500 0.005595311 -0.030814500 -0.701878800 -0.006093682 0.999851700 -0.016103150 -0.423911900 0.030719830 0.016283030 0.999395300 12.869650000
1.658960000 0.999422600 0.007842768 -0.033061670 -0.749824100 -0.008456089 0.999794000 -0.018451980 -0.454003900 0.032910140 0.018720890 0.999282900 13.731460000
1.762569000 0.999358700 0.008704386 -0.034734000 -0.799251100 -0.009439421 0.999733800 -0.021054220 -0.484077000 0.034541490 0.021368590 0.999174700 14.600260000
1.866302000 0.999248200 0.012356880 -0.036748490 -0.854664200 -0.013206760 0.999648800 -0.022974770 -0.515507000 0.036451690 0.023442820 0.999060400 15.479570000
1.969923000 0.999182600 0.013522790 -0.038097830 -0.907286800 -0.014391610 0.999640400 -0.022623730 -0.546470500 0.037778190 0.023153520 0.999017800 16.369400000
2.073666000 0.999124100 0.013287770 -0.039679960 -0.960916300 -0.014126040 0.999681300 -0.020920520 -0.578359500 0.039389330 0.021462710 0.998993400 17.268960000
2.177281000 0.999060400 0.013514330 -0.041180290 -1.011589000 -0.014324360 0.999708400 -0.019438940 -0.609240300 0.040905580 0.020010550 0.998962600 18.173180000
2.281017000 0.999017400 0.013048220 -0.042356540 -1.066256000 -0.013861150 0.999724200 -0.018955790 -0.638736300 0.042097520 0.019524270 0.998922700 19.084110000
2.384639000 0.998938300 0.013259990 -0.044119630 -1.118651000 -0.014134940 0.999708400 -0.019578700 -0.668621900 0.043847150 0.020181540 0.998834300 19.997220000
2.488250000 0.998912000 0.011528570 -0.045188630 -1.171840000 -0.012477770 0.999706200 -0.020779770 -0.699077800 0.044935790 0.021321010 0.998762300 20.913680000
2.591988000 0.998880000 0.011288920 -0.045950030 -1.224279000 -0.012181320 0.999741700 -0.019187600 -0.728742100 0.045721550 0.019725840 0.998759400 21.840420000
2.695832000 0.998859300 0.012994210 -0.045949140 -1.280807000 -0.013708120 0.999789600 -0.015256100 -0.760471700 0.045741230 0.015868570 0.998827200 22.774320000
2.799367000 0.998887600 0.013790300 -0.045094950 -1.334841000 -0.014325580 0.999830400 -0.011568500 -0.792967300 0.044927760 0.012201640 0.998915700 23.709530000
2.903084000 0.998964900 0.012851730 -0.043635800 -1.385747000 -0.013256870 0.999871500 -0.009007757 -0.820924400 0.043514420 0.009576906 0.999006800 24.651750000
3.006768000 0.999029800 0.012652530 -0.042183210 -1.436633000 -0.012994030 0.999884900 -0.007831284 -0.845620800 0.042079260 0.008371815 0.999079100 25.596940000
3.110441000 0.999074600 0.012895920 -0.041033090 -1.487044000 -0.013333340 0.999857000 -0.010404380 -0.870212700 0.040893050 0.010941860 0.999103600 26.544710000
3.214057000 0.999096700 0.013910100 -0.040154650 -1.538025000 -0.014549980 0.999771100 -0.015687430 -0.897112100 0.039927240 0.016257510 0.999070300 27.496270000
3.317669000 0.999153300 0.013206450 -0.038965020 -1.586551000 -0.013963250 0.999717800 -0.019214740 -0.925415100 0.038700260 0.019742550 0.999055800 28.454660000
3.421285000 0.999210500 0.010790960 -0.038235840 -1.633363000 -0.011486110 0.999771800 -0.018007930 -0.955563000 0.038032790 0.018432890 0.999106400 29.422930000
3.524925000 0.999221500 0.009086312 -0.038392290 -1.680971000 -0.009596057 0.999867900 -0.013113910 -0.983837700 0.038268060 0.013472110 0.999176600 30.398390000
3.628545000 0.999210500 0.005838117 -0.039297630 -1.728893000 -0.006198498 0.999939800 -0.009054940 -1.011772000 0.039242390 0.009291377 0.999186500 31.377650000
3.732256000 0.999183000 -0.001840283 -0.040374630 -1.768976000 0.001460769 0.999954500 -0.009427292 -1.036363000 0.040390140 0.009360611 0.999140100 32.357140000
3.835871000 0.999106300 -0.004894794 -0.041984750 -1.815834000 0.004337365 0.999901400 -0.013357770 -1.059789000 0.042045990 0.013163730 0.999028900 33.336310000
3.939488000 0.999044200 -0.004076714 -0.043522400 -1.870663000 0.003306848 0.999837000 -0.017746340 -1.088016000 0.043587660 0.017585450 0.998894800 34.320210000
4.043107000 0.998962000 -0.003501086 -0.045418140 -1.929780000 0.002639355 0.999815600 -0.019019400 -1.129880000 0.045476350 0.018879780 0.998786900 35.330970000
4.146888000 0.998912600 -0.003564847 -0.046487000 -1.993748000 0.002782576 0.999853600 -0.016881610 -1.194548000 0.046540370 0.016733900 0.998776200 36.387510000
4.250460000 0.998870800 -0.000238626 -0.047509250 -2.061112000 -0.000415198 0.999905300 -0.013751680 -1.249881000 0.047508030 0.013755870 0.998776100 37.428500000
4.354202000 0.998808500 0.000002160 -0.048801450 -2.126953000 -0.000625757 0.999918300 -0.012762970 -1.305052000 0.048797430 0.012778300 0.998726900 38.471510000
4.457940000 0.998759200 0.000880921 -0.049792990 -2.190967000 -0.001403287 0.999944300 -0.010456760 -1.349142000 0.049781010 0.010513660 0.998704800 39.503650000
4.561559000 0.998756900 0.000489421 -0.049845260 -2.256115000 -0.000821033 0.999977600 -0.006632571 -1.393047000 0.049840900 0.006665250 0.998734900 40.538550000
4.665293000 0.998713200 0.006466500 -0.050301510 -2.329940000 -0.006722014 0.999965300 -0.004912121 -1.426813000 0.050268000 0.005243927 0.998721900 41.561110000
4.768912000 0.998714300 0.006952179 -0.050214980 -2.399728000 -0.007192513 0.999963500 -0.004606971 -1.460731000 0.050181120 0.004962219 0.998727800 42.583030000
4.872532000 0.998708300 0.006676282 -0.050371600 -2.465214000 -0.007006772 0.999955000 -0.006387280 -1.489501000 0.050326690 0.006731971 0.998710100 43.593020000
4.976146000 0.998701300 0.008983148 -0.050150690 -2.535885000 -0.009456170 0.999912900 -0.009202712 -1.522850000 0.050063650 0.009664992 0.998699200 44.597900000
5.079909000 0.998653500 0.008808468 -0.051124390 -2.600016000 -0.009296065 0.999913500 -0.009307503 -1.559885000 0.051037980 0.009770225 0.998648900 45.598820000
5.183503000 0.998601200 0.006863746 -0.052427790 -2.661881000 -0.007280160 0.999943400 -0.007755765 -1.593756000 0.052371590 0.008126598 0.998594500 46.598030000
5.287117000 0.998554000 0.007061951 -0.053293450 -2.728914000 -0.007431486 0.999949700 -0.006738977 -1.629817000 0.053243170 0.007125281 0.998556100 47.592750000
5.390861000 0.998515400 0.009830435 -0.053576090 -2.800794000 -0.010322180 0.999907000 -0.008909522 -1.664529000 0.053483520 0.009449317 0.998524000 48.578560000
5.494473000 0.998468600 0.010237900 -0.054366340 -2.871336000 -0.011032550 0.999836300 -0.014336510 -1.697621000 0.054210670 0.014914350 0.998418100 49.556000000
5.598233000 0.998438500 0.010648950 -0.054838880 -2.937935000 -0.011494600 0.999819500 -0.015128290 -1.729013000 0.054667880 0.015735010 0.998380500 50.537730000
5.701829000 0.998427400 0.010268930 -0.055112210 -3.002463000 -0.010938850 0.999869700 -0.011867630 -1.766742000 0.054983160 0.012451830 0.998409600 51.518450000
5.805571000 0.998435600 0.007566176 -0.055400700 -3.065844000 -0.008064009 0.999929000 -0.008767995 -1.798994000 0.055330430 0.009201029 0.998425600 52.495010000
5.909185000 0.998428500 0.006348755 -0.055680460 -3.130185000 -0.006799312 0.999945600 -0.007906116 -1.830051000 0.055627240 0.008272279 0.998417300 53.464980000
6.012921000 0.998432600 0.003282949 -0.055871380 -3.191520000 -0.003779690 0.999954200 -0.008787440 -1.858398000 0.055839970 0.008984842 0.998399200 54.428040000
6.116541000 0.998406800 -0.000146036 -0.056426380 -3.248811000 -0.000450891 0.999944100 -0.010566000 -1.886487000 0.056424760 0.010574610 0.998350800 55.391780000
6.220278000 0.998336700 -0.001591214 -0.057632180 -3.310922000 0.001036802 0.999952900 -0.009648457 -1.913841000 0.057644810 0.009572654 0.998291200 56.350390000
6.323895000 0.998264100 -0.004382863 -0.058733970 -3.371514000 0.004075329 0.999977300 -0.005354817 -1.938229000 0.058756110 0.005106161 0.998259300 57.312510000
6.427659000 0.998226800 -0.005964740 -0.059226940 -3.438994000 0.005986946 0.999982000 0.000197466 -1.956763000 0.059224700 -0.000551704 0.998244500 58.274000000
6.531383000 0.998202200 -0.004407760 -0.059774590 -3.511313000 0.004547914 0.999987200 0.002208854 -1.975962000 0.059764080 -0.002476732 0.998209400 59.225400000
6.634992000 0.998116100 -0.002919496 -0.061285110 -3.579193000 0.002920554 0.999995700 -0.000072311 -1.998111000 0.061285060 -0.000106811 0.998120200 60.166330000
6.738741000 0.998024200 -0.001762043 -0.062806740 -3.641784000 0.001227247 0.999962700 -0.008552514 -2.021539000 0.062819460 0.008458535 0.997989000 61.091250000
6.842350000 0.997954700 -0.000959211 -0.063918300 -3.703384000 0.000050241 0.999898900 -0.014220890 -2.049159000 0.063925470 0.014188600 0.997853800 62.006320000
6.945963000 0.997864300 0.004204986 -0.065186100 -3.776035000 -0.005092497 0.999896500 -0.013454870 -2.078109000 0.065122770 0.013758090 0.997782400 62.916780000
7.049705000 0.997790500 0.007492613 -0.066015190 -3.843940000 -0.008206300 0.999910700 -0.010546410 -2.112094000 0.065930280 0.011064850 0.997762800 63.815190000
7.153323000 0.997676400 0.010254480 -0.067355210 -3.912602000 -0.010870730 0.999902300 -0.008789172 -2.145353000 0.067258490 0.009500949 0.997690300 64.697860000
7.256934000 0.997590900 0.010345020 -0.068596200 -3.978228000 -0.011033500 0.999892400 -0.009665437 -2.173835000 0.068488830 0.010399010 0.997597600 65.566720000
7.360549000 0.997461600 0.011835470 -0.070216610 -4.046625000 -0.012481740 0.999883600 -0.008772233 -2.201409000 0.070104610 0.009626390 0.997493100 66.421630000
7.464167000 0.997339600 0.013183800 -0.071693630 -4.114442000 -0.013800460 0.999871800 -0.008112825 -2.230822000 0.071577480 0.009080646 0.997393700 67.264550000
7.567786000 0.997225800 0.012967740 -0.073298230 -4.179994000 -0.013523500 0.999883400 -0.007090915 -2.258366000 0.073197720 0.008062491 0.997284800 68.093280000
7.671396000 0.997124100 0.012566120 -0.074737540 -4.244856000 -0.013077570 0.999894200 -0.006357728 -2.283310000 0.074649740 0.007316829 0.997182900 68.909940000
7.775144000 0.996989400 0.014899530 -0.076093720 -4.313021000 -0.015257720 0.999875100 -0.004127928 -2.307845000 0.076022710 0.005276517 0.997092100 69.714240000
7.878754000 0.996877200 0.016771810 -0.077166220 -4.381935000 -0.016779760 0.999859000 0.000545446 -2.329476000 0.077164490 0.000751088 0.997018000 70.507990000
7.982493000 0.996688600 0.019288650 -0.078993310 -4.445510000 -0.019166940 0.999813600 0.002298764 -2.355391000 0.079022920 -0.000777090 0.996872400 71.284370000
8.086111000 0.996496100 0.022323450 -0.080605640 -4.514875000 -0.022469830 0.999747100 -0.000909195 -2.382091000 0.080564950 0.002717205 0.996745600 72.037350000
8.189849000 0.996370700 0.022840270 -0.081999480 -4.580210000 -0.023610730 0.999685600 -0.008438421 -2.409731000 0.081780960 0.010343860 0.996596600 72.767910000
8.293470000 0.996256300 0.021649890 -0.083694510 -4.644343000 -0.022911840 0.999637400 -0.014147020 -2.432982000 0.083357880 0.016011650 0.996391000 73.480650000
8.397102000 0.996203500 0.022366980 -0.084133300 -4.709494000 -0.023819560 0.999583300 -0.016301120 -2.459523000 0.083733640 0.018243250 0.996321100 74.175390000
8.500847000 0.996087300 0.024808340 -0.084821280 -4.775730000 -0.025991430 0.999579300 -0.012872070 -2.490277000 0.084466250 0.015026330 0.996313000 74.851470000
8.604438000 0.995952900 0.026069580 -0.086013420 -4.837515000 -0.026975360 0.999592000 -0.009385091 -2.525955000 0.085733660 0.011667350 0.996249700 75.507440000
8.708175000 0.995907500 0.022910630 -0.087426610 -4.891889000 -0.024095750 0.999631200 -0.012524250 -2.556654000 0.087107420 0.014579610 0.996092200 76.138280000
8.811795000 0.996042600 0.015035490 -0.087596380 -4.937677000 -0.016623840 0.999709800 -0.017431400 -2.585469000 0.087308870 0.018818600 0.996003500 76.750100000
8.915403000 0.996163500 0.010441070 -0.086886790 -4.985837000 -0.012499410 0.999653200 -0.023179570 -2.616742000 0.086614630 0.024176670 0.995948400 77.344090000
9.019162000 0.996397300 0.012111540 -0.083939730 -5.039038000 -0.014149990 0.999618200 -0.023732450 -2.646048000 0.083620240 0.024834690 0.996188100 77.925340000
9.122890000 0.996639400 0.017706540 -0.079977490 -5.092732000 -0.019410410 0.999599800 -0.020577260 -2.675699000 0.079581130 0.022060500 0.996584200 78.494640000
9.226512000 0.997012100 0.016648480 -0.075431220 -5.133801000 -0.018019130 0.999684000 -0.017526860 -2.701840000 0.075115580 0.018833690 0.996996900 79.049530000
9.330247000 0.997463300 0.012170370 -0.070135160 -5.159772000 -0.013157740 0.999820500 -0.013633350 -2.729207000 0.069956650 0.014521580 0.997444300 79.592300000
9.433986000 0.998024000 0.007887781 -0.062337260 -5.183357000 -0.008483336 0.999920800 -0.009294846 -2.756800000 0.062259000 0.009805306 0.998011800 80.123040000
9.537749000 0.998595500 0.010686150 -0.051892670 -5.208269000 -0.011224070 0.999886100 -0.010085720 -2.780022000 0.051778980 0.010654000 0.998601700 80.634550000
9.641587000 0.999182700 0.016247610 -0.037014150 -5.235209000 -0.016649740 0.999805400 -0.010581720 -2.801727000 0.036835020 0.011189350 0.999258700 81.135380000
9.745342000 0.999587800 0.021369330 -0.019175520 -5.248892000 -0.021567440 0.999715500 -0.010184730 -2.822088000 0.018952420 0.010594100 0.999764200 81.622860000
9.849229000 0.999798500 0.019933490 0.002394767 -5.236828000 -0.019908720 0.999752200 -0.009958356 -2.839863000 -0.002592678 0.009908671 0.999947500 82.097010000
9.953059000 0.999483600 0.016190250 0.027757640 -5.207469000 -0.015940000 0.999830500 -0.009213406 -2.859306000 -0.027902100 0.008766190 0.999572200 82.555940000
10.056930000 0.998281400 0.014725020 0.056723770 -5.163543000 -0.014301760 0.999866800 -0.007860647 -2.878004000 -0.056831960 0.007035887 0.998358900 83.008460000
10.160830000 0.995913800 0.014200720 0.089185930 -5.105620000 -0.013670500 0.999885100 -0.006553178 -2.895751000 -0.089268730 0.005307184 0.995993400 83.454540000
10.264660000 0.992000700 0.013894490 0.125466100 -5.029560000 -0.013247530 0.999894300 -0.005989348 -2.911918000 -0.125536000 0.004279320 0.992079800 83.885300000
10.368670000 0.985989900 0.013897450 0.166225200 -4.934649000 -0.013026940 0.999895100 -0.006326123 -2.926167000 -0.166295700 0.004072087 0.986067500 84.313380000
10.472640000 0.977514600 0.013467790 0.210437400 -4.817297000 -0.012362260 0.999902000 -0.006568159 -2.942364000 -0.210505300 0.003818988 0.977585200 84.728690000
10.576630000 0.966075500 0.015363440 0.257802400 -4.680938000 -0.013648480 0.999871200 -0.008440597 -2.961855000 -0.257898900 0.004635642 0.966160700 85.118200000
10.680620000 0.950739700 0.016075870 0.309573300 -4.519193000 -0.013199000 0.999848000 -0.011385400 -2.980545000 -0.309709300 0.006738488 0.950807400 85.501710000
10.784610000 0.931382300 0.015992630 0.363691300 -4.336344000 -0.011893950 0.999838000 -0.013506600 -2.995233000 -0.363848300 0.008254080 0.931421600 85.853730000
10.888750000 0.907630600 0.016426640 0.419448400 -4.130089000 -0.010944470 0.999820400 -0.015473070 -3.006846000 -0.419627200 0.009453184 0.907647200 86.200010000
10.992720000 0.879421400 0.016525750 0.475757300 -3.903866000 -0.009195858 0.999800500 -0.017730510 -3.018353000 -0.475955400 0.011217590 0.879397800 86.525880000
11.096590000 0.847002000 0.014634900 0.531388400 -3.656380000 -0.004922887 0.999794000 -0.019688410 -3.030941000 -0.531567000 0.014060150 0.846899500 86.812100000
11.200570000 0.811152700 0.014002170 0.584666800 -3.393066000 -0.002514888 0.999787600 -0.020454800 -3.048142000 -0.584829000 0.015121590 0.811015600 87.095580000
11.304310000 0.772294100 0.012138570 0.635149200 -3.115393000 -0.000076656 0.999819200 -0.019014710 -3.063358000 -0.635265200 0.014636250 0.772155300 87.345030000
11.408180000 0.730683500 0.011390900 0.682621400 -2.817803000 -0.000227665 0.999864800 -0.016441040 -3.074584000 -0.682716300 0.011857780 0.730587200 87.594010000
11.511920000 0.686908100 0.010023900 0.726675200 -2.508137000 0.001642222 0.999880900 -0.015344910 -3.084460000 -0.726742400 0.011733900 0.686809800 87.820100000
11.615530000 0.641560600 0.008605910 0.767024100 -2.182602000 0.005801600 0.999854000 -0.016070860 -3.093149000 -0.767050400 0.014760390 0.641417000 88.008130000
11.719270000 0.596103200 0.005416591 0.802889600 -1.847638000 0.012994420 0.999781200 -0.016392570 -3.103538000 -0.802802600 0.020204750 0.595902300 88.187990000
11.822770000 0.550643500 0.006831839 0.834712600 -1.511055000 0.012676940 0.999782700 -0.016545620 -3.116572000 -0.834644300 0.019692330 0.550437200 88.343490000
11.926380000 0.504500100 0.009750747 0.863356600 -1.165582000 0.008934955 0.999823700 -0.016513130 -3.127427000 -0.863365400 0.016044920 0.504324000 88.502040000
12.030000000 0.460298300 0.011481640 0.887690100 -0.811071400 0.008704640 0.999809900 -0.017445500 -3.138031000 -0.887721600 0.015757150 0.460110800 88.641590000
12.133610000 0.418867300 0.009627242 0.907996400 -0.450022300 0.015619270 0.999719400 -0.017805080 -3.146259000 -0.907913100 0.021640200 0.418599400 88.747950000
12.237100000 0.380625200 0.001378826 0.924728400 -0.072683610 0.031737960 0.999390200 -0.014553740 -3.150458000 -0.924184500 0.034888510 0.380349400 88.839950000
12.340600000 0.346108200 -0.002337058 0.938191700 0.302091600 0.037644940 0.999226100 -0.011398500 -3.156586000 -0.937439000 0.039263270 0.345928300 88.930470000
12.444110000 0.313840900 0.001002432 0.949475100 0.676345000 0.036116530 0.999263100 -0.012993010 -3.166835000 -0.948788400 0.038369470 0.313573400 89.023150000
12.547670000 0.283311200 0.008752363 0.958988100 1.050891000 0.024922630 0.999553400 -0.016485420 -3.185174000 -0.958704100 0.028571000 0.282966500 89.125030000
12.651070000 0.255113300 0.013270930 0.966820100 1.434583000 0.019461540 0.999632700 -0.018856620 -3.205997000 -0.966715300 0.023626380 0.254761300 89.210560000
12.754690000 0.229876200 0.015142760 0.973102100 1.832910000 0.020807340 0.999573900 -0.020470030 -3.222114000 -0.972997400 0.024953240 0.229463200 89.277150000
12.858060000 0.206735000 0.015807120 0.978269300 2.240743000 0.027470500 0.999381500 -0.021953520 -3.234217000 -0.978011200 0.031412100 0.206172900 89.329500000
12.961670000 0.187014900 0.021748170 0.982116300 2.662750000 0.036317000 0.998918400 -0.029035740 -3.232193000 -0.981685500 0.041097620 0.186022800 89.372100000
13.065200000 0.167705400 0.029730150 0.985388800 3.089762000 0.038919200 0.998566300 -0.036751470 -3.233114000 -0.985068600 0.044513950 0.166307900 89.418990000
13.168770000 0.150119500 0.031056370 0.988180000 3.536770000 0.036623970 0.998645800 -0.036949040 -3.247013000 -0.987989200 0.041737840 0.148778800 89.472220000
13.272350000 0.134662500 0.026124440 0.990547100 4.002128000 0.034093870 0.998938300 -0.030980740 -3.269703000 -0.990304800 0.037943520 0.133628900 89.520590000
13.375880000 0.120033900 0.022440590 0.992516200 4.475771000 0.034384790 0.999050700 -0.026746810 -3.292077000 -0.992174100 0.037337970 0.119148400 89.556060000
13.479500000 0.106645000 0.020156800 0.994092900 4.962461000 0.036892540 0.999025800 -0.024214620 -3.311658000 -0.993612400 0.039256970 0.105797500 89.583410000
13.583110000 0.094816600 0.019102550 0.995311500 5.460049000 0.040910020 0.998896500 -0.023068580 -3.327578000 -0.994653800 0.042905480 0.093930480 89.603320000
13.686720000 0.084514370 0.019708060 0.996227400 5.974572000 0.044337560 0.998739700 -0.023519120 -3.344693000 -0.995435300 0.046157980 0.083534050 89.621010000
13.790340000 0.076111400 0.020331960 0.996892000 6.504623000 0.046625120 0.998625800 -0.023927090 -3.362740000 -0.996008600 0.048301320 0.075058830 89.638260000
13.893950000 0.070112170 0.020551610 0.997327400 7.050381000 0.048459020 0.998537200 -0.023983220 -3.379767000 -0.996361300 0.050011010 0.069013700 89.654730000
13.997670000 0.064336200 0.021698790 0.997692400 7.614093000 0.049998180 0.998437900 -0.024939150 -3.394968000 -0.996674900 0.051487280 0.063150790 89.671530000
14.101300000 0.058052240 0.022667080 0.998056200 8.197957000 0.050457070 0.998397800 -0.025609700 -3.409306000 -0.997037600 0.051845680 0.056815510 89.687850000
14.204920000 0.053407140 0.022635290 0.998316300 8.800912000 0.052926890 0.998273600 -0.025465770 -3.426200000 -0.997169200 0.054197820 0.052116920 89.701670000
14.308540000 0.049961540 0.022438900 0.998499100 9.420230000 0.054656870 0.998188000 -0.025166760 -3.442284000 -0.997254400 0.055832190 0.048644570 89.707860000
14.412270000 0.046494040 0.022060050 0.998675000 10.059780000 0.055768390 0.998139500 -0.024644570 -3.460292000 -0.997360600 0.056840310 0.045177280 89.716660000
14.515890000 0.043306150 0.021446580 0.998831700 10.714580000 0.057314110 0.998069700 -0.023915180 -3.477648000 -0.997416500 0.058282810 0.041993360 89.719540000
14.619680000 0.042072750 0.021085600 0.998892100 11.388370000 0.061977800 0.997796700 -0.023672950 -3.495197000 -0.997190300 0.062905100 0.040673210 89.721450000
14.723260000 0.042271790 0.020719740 0.998891300 12.074620000 0.065957480 0.997546000 -0.023483080 -3.511618000 -0.996926600 0.066877010 0.040801440 89.720180000
14.826860000 0.044103400 0.020549310 0.998815600 12.781900000 0.067801990 0.997421600 -0.023514480 -3.529809000 -0.996723500 0.068758740 0.042596400 89.727290000
14.930480000 0.047333130 0.020776810 0.998663100 13.505010000 0.070207400 0.997241800 -0.024074830 -3.549541000 -0.996408800 0.071253060 0.045743890 89.738680000
15.034100000 0.051072600 0.020624130 0.998482000 14.243950000 0.070971700 0.997184000 -0.024227550 -3.570045000 -0.996169900 0.072101310 0.049465050 89.752390000
15.137840000 0.054851200 0.018736600 0.998318800 15.002600000 0.072377510 0.997119100 -0.022690770 -3.595307000 -0.995867800 0.073500430 0.053337070 89.776310000
15.241450000 0.058702030 0.017226690 0.998126900 15.773680000 0.072289870 0.997152700 -0.021461410 -3.621398000 -0.995654600 0.073414270 0.057289570 89.805260000
15.345080000 0.062639660 0.015064360 0.997922500 16.560550000 0.069518460 0.997391600 -0.019420030 -3.645849000 -0.995612100 0.070590480 0.061429020 89.843390000
15.448810000 0.066598300 0.013964030 0.997682200 17.354730000 0.068480000 0.997480300 -0.018532460 -3.669719000 -0.995427100 0.069555490 0.065474240 89.883630000
15.552550000 0.070570710 0.014792150 0.997397100 18.156510000 0.065957210 0.997632600 -0.019462450 -3.696455000 -0.995323700 0.067159000 0.069427990 89.929480000
15.656170000 0.073906130 0.018161670 0.997099800 18.959960000 0.063877770 0.997694800 -0.022907200 -3.726996000 -0.995217300 0.065385480 0.072575630 89.978840000
15.759900000 0.075135960 0.024427680 0.996874100 19.768190000 0.058277670 0.997883600 -0.028844900 -3.758629000 -0.995468800 0.060262780 0.073553350 90.033380000
15.863640000 0.074747940 0.027491190 0.996823500 20.581930000 0.055668930 0.997946000 -0.031696560 -3.789412000 -0.995647300 0.057861330 0.073064000 90.082780000
15.967390000 0.074765840 0.027575640 0.996819800 21.399470000 0.053242290 0.998081400 -0.031603950 -3.828201000 -0.995778700 0.055435850 0.073154190 90.132410000
16.071020000 0.074519930 0.024948870 0.996907400 22.217350000 0.050431550 0.998313500 -0.028753880 -3.869642000 -0.995943400 0.052418310 0.073136040 90.182690000
16.174740000 0.074371950 0.024338540 0.996933600 23.034320000 0.051320690 0.998284000 -0.028200070 -3.908789000 -0.995909100 0.053260600 0.072995250 90.227690000
16.278450000 0.074476140 0.023227600 0.996952300 23.851480000 0.049032320 0.998434200 -0.026925030 -3.948711000 -0.996016600 0.050888140 0.073220620 90.273740000
16.382090000 0.074102080 0.023270130 0.996979200 24.666600000 0.047341210 0.998518500 -0.026824780 -3.991884000 -0.996126300 0.049185960 0.072890660 90.317320000
16.485710000 0.074123960 0.024123410 0.996957200 25.478370000 0.044810950 0.998617000 -0.027495280 -4.031552000 -0.996241700 0.046712650 0.072940450 90.365000000
16.589330000 0.072735980 0.025388770 0.997028100 26.288800000 0.041826890 0.998718800 -0.028483220 -4.070675000 -0.996473700 0.043774330 0.071580850 90.411530000
16.693090000 0.069921060 0.025481400 0.997227100 27.100090000 0.038978250 0.998840500 -0.028255610 -4.110043000 -0.996790700 0.040845810 0.068846760 90.457820000
16.796680000 0.065914660 0.024176300 0.997532400 27.909920000 0.036375020 0.998983700 -0.026615060 -4.149285000 -0.997162000 0.038039570 0.064968250 90.499220000
16.900430000 0.060897880 0.021677420 0.997908600 28.721800000 0.034310280 0.999127800 -0.023797710 -4.189372000 -0.997554100 0.035687750 0.060101010 90.537370000
17.004190000 0.054545570 0.019312040 0.998324500 29.533440000 0.032236330 0.999257700 -0.021091400 -4.227712000 -0.997990700 0.033332750 0.053882530 90.568020000
17.107900000 0.047000580 0.019302960 0.998708400 30.340320000 0.031722290 0.999280100 -0.020806910 -4.264420000 -0.998391000 0.032659240 0.046354410 90.588890000
17.211650000 0.038162100 0.020338720 0.999064600 31.142040000 0.031208220 0.999280900 -0.021535220 -4.298961000 -0.998784100 0.032000840 0.037499920 90.602590000
17.315390000 0.028068470 0.021121840 0.999382900 31.943240000 0.031803080 0.999251700 -0.022012290 -4.332533000 -0.999099900 0.032401290 0.027375730 90.604090000
17.419150000 0.017811850 0.020235730 0.999636600 32.740690000 0.032965290 0.999239700 -0.020815090 -4.366800000 -0.999297700 0.033324060 0.017131230 90.598330000
17.522870000 0.006968081 0.018744270 0.999800100 33.532670000 0.031979310 0.999308700 -0.018957950 -4.400925000 -0.999464200 0.032105010 0.006363835 90.586510000
17.626480000 -0.004213761 0.018066360 0.999827900 34.324240000 0.033377700 0.999282200 -0.017915840 -4.430514000 -0.999433900 0.033296460 -0.004813748 90.562410000
17.730220000 -0.015361710 0.018085490 0.999718500 35.110390000 0.033791890 0.999274600 -0.017558220 -4.460151000 -0.999310800 0.033512640 -0.015961710 90.529620000
17.833840000 -0.026480720 0.018725060 0.999474000 35.889150000 0.034003060 0.999262800 -0.017820220 -4.490465000 -0.999070800 0.033513270 -0.027097900 90.490030000
17.937460000 -0.037256120 0.019855150 0.999108500 36.663630000 0.033746490 0.999257300 -0.018599730 -4.519810000 -0.998735700 0.033023440 -0.037898490 90.442530000
18.041200000 -0.047589210 0.020889920 0.998648600 37.430830000 0.034580390 0.999216400 -0.019253930 -4.548257000 -0.998268200 0.033617370 -0.048274300 90.386730000
18.144820000 -0.057183990 0.021649310 0.998128900 38.189580000 0.035486670 0.999177100 -0.019638980 -4.577147000 -0.997732700 0.034297230 -0.057905190 90.323610000
18.248550000 -0.066832150 0.022086700 0.997519800 38.940490000 0.036179410 0.999151100 -0.019698870 -4.607065000 -0.997108000 0.034773150 -0.067574500 90.251650000
18.352170000 -0.076377840 0.022198930 0.996831800 39.683630000 0.036794380 0.999133900 -0.019431000 -4.635152000 -0.996399800 0.035193700 -0.077128470 90.176290000
18.455930000 -0.085021550 0.021978090 0.996136700 40.418760000 0.038260250 0.999091300 -0.018777730 -4.664020000 -0.995644200 0.036515920 -0.085785180 90.091760000
18.559570000 -0.092423470 0.020688850 0.995504900 41.145740000 0.039882630 0.999058700 -0.017059980 -4.692210000 -0.994920700 0.038126600 -0.093161590 90.002900000
18.663260000 -0.097784590 0.019245500 0.995021500 41.863240000 0.042727730 0.998972300 -0.015122910 -4.721760000 -0.994289900 0.041036210 -0.098506400 89.910310000
18.766880000 -0.101723100 0.017490210 0.994659000 42.574830000 0.045797070 0.998867700 -0.012880590 -4.746579000 -0.993758000 0.044242200 -0.102409000 89.816110000
18.870490000 -0.104588700 0.016263850 0.994382600 43.274630000 0.047545020 0.998804800 -0.011335420 -4.770015000 -0.993378400 0.046092370 -0.105236900 89.723990000
18.974110000 -0.106423800 0.015544350 0.994199400 43.959460000 0.048032060 0.998790800 -0.010474570 -4.793116000 -0.993160000 0.046638690 -0.107041700 89.634420000
19.077720000 -0.107415200 0.015662240 0.994090900 44.631160000 0.048458890 0.998770000 -0.010499810 -4.815263000 -0.993032500 0.047044690 -0.108042000 89.546490000
19.181410000 -0.106656800 0.016857910 0.994153000 45.284970000 0.049494800 0.998706700 -0.011625130 -4.837060000 -0.993063200 0.047965490 -0.107353200 89.460220000
19.285020000 -0.103943700 0.018111390 0.994418300 45.922800000 0.050641140 0.998633600 -0.012894800 -4.858683000 -0.993293100 0.049018130 -0.104718800 89.378560000
19.388680000 -0.099004390 0.018887290 0.994907800 46.542590000 0.050677710 0.998618100 -0.013914740 -4.880596000 -0.993795700 0.049042010 -0.099824730 89.306500000
19.492240000 -0.091581050 0.019376420 0.995609100 47.143970000 0.049960960 0.998640900 -0.014839780 -4.902936000 -0.994543500 0.048382540 -0.092424640 89.244510000
19.595800000 -0.080677490 0.019594190 0.996547700 47.726310000 0.048913250 0.998680000 -0.015676260 -4.926346000 -0.995539300 0.047479650 -0.081529410 89.193250000
19.699410000 -0.067192390 0.019675890 0.997546000 48.288790000 0.048410750 0.998692200 -0.016437670 -4.950044000 -0.996564800 0.047187450 -0.068057030 89.152800000
19.802910000 -0.050721100 0.020860470 0.998495000 48.831470000 0.047141780 0.998717400 -0.018470440 -4.973119000 -0.997599600 0.046133980 -0.051639440 89.126950000
19.906520000 -0.030014490 0.023494330 0.999273300 49.366470000 0.045659380 0.998712300 -0.022109700 -5.001409000 -0.998506000 0.044962580 -0.031048570 89.121130000
20.010020000 -0.006012730 0.026525060 0.999630100 49.893760000 0.043593080 0.998704700 -0.026238310 -5.029978000 -0.999031200 0.043419180 -0.007161249 89.130180000
20.113500000 0.021611740 0.028245990 0.999367400 50.416700000 0.041458750 0.998715600 -0.029124150 -5.056479000 -0.998906400 0.042061930 0.020412940 89.148420000
20.217140000 0.054267070 0.027975470 0.998134500 50.939410000 0.039438160 0.998767400 -0.030137410 -5.083698000 -0.997747300 0.041000040 0.053096880 89.191540000
20.320610000 0.091634080 0.025566170 0.995464500 51.456790000 0.038036640 0.998850900 -0.029154480 -5.111122000 -0.995066000 0.040535660 0.090556330 89.255860000
20.424100000 0.132828600 0.022086430 0.990892900 51.963840000 0.035787790 0.998992800 -0.027064310 -5.139956000 -0.990492700 0.039056780 0.131904400 89.335560000
20.527470000 0.177068400 0.017422950 0.984044400 52.464070000 0.032639360 0.999189300 -0.023564220 -5.168307000 -0.983657100 0.036291050 0.176356100 89.450930000
20.630960000 0.224536500 0.014126190 0.974363300 52.959840000 0.028031400 0.999387500 -0.020948670 -5.197886000 -0.974062400 0.032016500 0.224003000 89.592710000
20.734440000 0.274790300 0.012618100 0.961421400 53.430560000 0.023728440 0.999520300 -0.019900110 -5.228395000 -0.961211300 0.028281380 0.274359100 89.750370000
20.837960000 0.328518100 0.012390740 0.944416400 53.889450000 0.021797160 0.999548100 -0.020696280 -5.254058000 -0.944246100 0.027384690 0.328099600 89.945260000
20.941510000 0.385581300 0.012850070 0.922584400 54.331540000 0.023423070 0.999444400 -0.023709950 -5.281038000 -0.922376500 0.030751870 0.385066100 90.164190000
21.045020000 0.444398000 0.015834590 0.895689500 54.738890000 0.023267340 0.999302400 -0.029210470 -5.307765000 -0.895527200 0.033821380 0.443719600 90.388600000
21.148370000 0.503169200 0.019242020 0.863973700 55.133190000 0.023689690 0.999069200 -0.036047430 -5.336870000 -0.863863100 0.038605210 0.502245000 90.660970000
21.251900000 0.560545100 0.023524310 0.827789700 55.491490000 0.018828470 0.998976000 -0.041138990 -5.362113000 -0.827909800 0.038646260 0.559528100 90.941600000
21.355440000 0.615635600 0.026826800 0.787574200 55.835930000 0.013771010 0.998901500 -0.044789760 -5.389737000 -0.787910600 0.038419850 0.614589900 91.271120000
21.459000000 0.668123800 0.027877920 0.743527700 56.158450000 0.011096010 0.998813400 -0.047420370 -5.418165000 -0.743967400 0.039932860 0.667021600 91.620300000
21.562720000 0.717028900 0.026262860 0.696548500 56.448550000 0.009622649 0.998821800 -0.047565440 -5.448053000 -0.696977000 0.040808420 0.715931300 91.966150000
21.666360000 0.762218100 0.022648370 0.646924000 56.722440000 0.006903411 0.999046500 -0.043109670 -5.479109000 -0.647283500 0.037324940 0.761334900 92.356020000
21.770100000 0.803872700 0.017986550 0.594529400 56.967930000 0.004662333 0.999321400 -0.036536920 -5.510534000 -0.594783100 0.032142920 0.803243300 92.764920000
21.873950000 0.840856100 0.015294200 0.541042700 57.175280000 0.001699980 0.999521100 -0.030896490 -5.539453000 -0.541256100 0.026899260 0.840427400 93.171270000
21.977710000 0.872546500 0.012218690 0.488378300 57.370050000 -0.000451130 0.999706900 -0.024205570 -5.564449000 -0.488530900 0.020900160 0.872296200 93.610620000
22.081440000 0.898635300 0.012483780 0.438518900 57.539920000 -0.004757360 0.999813500 -0.018713740 -5.590987000 -0.438670700 0.014730630 0.898527100 94.061200000
22.185310000 0.919650900 0.014035440 0.392486000 57.684380000 -0.008629860 0.999842100 -0.015533720 -5.612666000 -0.392642000 0.010898500 0.919626800 94.507980000
22.289170000 0.935438300 0.020092990 0.352918500 57.812420000 -0.016772320 0.999781600 -0.012465020 -5.628018000 -0.353091900 0.005740989 0.935571000 94.981600000
22.393170000 0.947845500 0.024674780 0.317773700 57.927200000 -0.021416110 0.999676100 -0.013744460 -5.638494000 -0.318009900 0.006222142 0.948066900 95.446880000
22.497160000 0.957568900 0.027031860 0.286934000 58.041760000 -0.023980750 0.999612300 -0.014143190 -5.648502000 -0.287205100 0.006662179 0.957845900 95.924880000
22.601290000 0.964179500 0.021299990 0.264394300 58.162240000 -0.018209810 0.999734300 -0.014133440 -5.661977000 -0.264625100 0.008812601 0.964311000 96.402170000
22.705510000 0.968468600 0.018242120 0.248467100 58.277310000 -0.015424800 0.999792800 -0.013281050 -5.680139000 -0.248657900 0.009029716 0.968549200 96.884370000
22.809640000 0.971508900 0.022277950 0.235953900 58.383270000 -0.019624850 0.999715100 -0.013586950 -5.692607000 -0.236189300 0.008569285 0.971669200 97.380350000
22.913660000 0.973663600 0.027748030 0.226294700 58.486940000 -0.025422980 0.999589800 -0.013182910 -5.698710000 -0.226567700 0.007082631 0.973969600 97.888060000
23.017610000 0.974783200 0.034874260 0.220412100 58.589460000 -0.032490510 0.999367800 -0.014432140 -5.712881000 -0.220776000 0.006906903 0.975300000 98.403450000
23.121720000 0.975196800 0.041301610 0.217452100 58.696730000 -0.038241030 0.999101600 -0.018266020 -5.732310000 -0.218011100 0.009497371 0.975900000 98.928300000
23.225710000 0.975305900 0.042909140 0.216650200 58.813990000 -0.039460710 0.999016500 -0.020220100 -5.756138000 -0.217304700 0.011171610 0.976039800 99.460870000
23.329700000 0.974846000 0.042068800 0.218873600 58.940360000 -0.037901110 0.999011900 -0.023207460 -5.778487000 -0.219633700 0.014328140 0.975477100 100.002400000
23.433600000 0.974042800 0.040251060 0.222756800 59.074510000 -0.034354750 0.998950800 -0.030283400 -5.797891000 -0.223742000 0.021844570 0.974403500 100.550500000
23.537560000 0.973134900 0.040146210 0.226708700 59.209760000 -0.032940700 0.998827400 -0.035479010 -5.818562000 -0.227867200 0.027057920 0.973316100 101.110600000
23.641430000 0.971887100 0.044937980 0.231119300 59.343230000 -0.037932310 0.998678700 -0.034669050 -5.844770000 -0.232371800 0.024927510 0.972307500 101.692600000
23.745190000 0.970345200 0.048448000 0.236818800 59.479790000 -0.042306930 0.998625200 -0.030948040 -5.872668000 -0.237992500 0.020011210 0.971060800 102.285300000
23.848990000 0.969278000 0.045410300 0.241739800 59.635460000 -0.040191010 0.998841000 -0.026480590 -5.900971000 -0.242662200 0.015951280 0.969979700 102.888300000
23.952650000 0.968508300 0.040856780 0.245606500 59.798800000 -0.036909300 0.999105100 -0.020656040 -5.928075000 -0.246230600 0.010940380 0.969149500 103.499800000
24.056420000 0.967706000 0.038170110 0.249175300 59.964540000 -0.035307030 0.999249200 -0.015951170 -5.953554000 -0.249597000 0.006638405 0.968327000 104.124400000
24.160010000 0.967077100 0.033745650 0.252236600 60.134240000 -0.030962030 0.999408000 -0.014997840 -5.975190000 -0.252593300 0.006694307 0.967549300 104.754400000
24.263960000 0.967077000 0.030120620 0.252695200 60.309140000 -0.026521670 0.999492600 -0.017637220 -5.998250000 -0.253098200 0.010354650 0.967385100 105.392300000
24.367270000 0.967237200 0.029357590 0.252171500 60.480790000 -0.024134410 0.999425800 -0.023781600 -6.023068000 -0.252724900 0.016916440 0.967390200 106.035400000
24.471000000 0.967426400 0.031089750 0.251236200 60.649730000 -0.023896770 0.999213900 -0.031631370 -6.049018000 -0.252022100 0.024597290 0.967408800 106.692300000
24.574560000 0.967917100 0.034857910 0.248840200 60.819120000 -0.026666310 0.998988100 -0.036215460 -6.075562000 -0.249850800 0.028417910 0.967867200 107.363700000
24.678100000 0.968564800 0.033393210 0.246509900 60.995100000 -0.026335270 0.999144900 -0.031873950 -6.103151000 -0.247363400 0.024380080 0.968615900 108.054700000
24.781830000 0.969074100 0.028778730 0.245086300 61.177220000 -0.023489280 0.999424300 -0.024478380 -6.135437000 -0.245649600 0.017964460 0.969192200 108.760700000
24.885470000 0.969649400 0.029112150 0.242760300 61.355080000 -0.025617970 0.999517900 -0.017538580 -6.168814000 -0.243153900 0.010787240 0.969927700 109.477800000
24.989130000 0.970004700 0.032376500 0.240920400 61.527590000 -0.028834050 0.999418200 -0.018215560 -6.198021000 -0.241370000 0.010722470 0.970373900 110.200200000
25.092670000 0.970263200 0.038454490 0.238978300 61.696270000 -0.033976450 0.999161800 -0.022831220 -6.225332000 -0.239655900 0.014032650 0.970756400 110.929500000
25.196320000 0.971170200 0.039454380 0.235099700 61.874140000 -0.033759090 0.999032000 -0.028202390 -6.252301000 -0.235984800 0.019452560 0.971562000 111.669200000
25.299900000 0.972196600 0.038671360 0.230951100 62.053120000 -0.032319670 0.998989700 -0.031224040 -6.282018000 -0.231925200 0.022891630 0.972464200 112.421400000
25.403640000 0.973140500 0.036729040 0.227263300 62.234170000 -0.030788980 0.999086700 -0.029628620 -6.315240000 -0.228143900 0.021835600 0.973382500 113.189100000
